1 1588 781 1741 898 
1 1218 732 1366 875 
1 490 621 586 713 
1 768 612 821 647 
1 1291 628 1344 667 
1 738 531 777 556 
1 1401 774 1503 856 
1 1046 552 1079 597 
1 680 570 729 604 
1 737 522 775 548 
1 1094 552 1149 580 
1 698 516 726 545 
1 743 519 782 545 
1 1102 541 1155 568 
1 649 509 674 527 
1 1155 572 1219 628 
1 1095 544 1147 571 
1 696 528 728 560 
1 988 520 1012 543 
1 1399 775 1504 856 
31 698 695 769 753 
31 1527 790 1628 861 
31 1287 844 1418 951 
31 1140 642 1232 731 
31 1392 675 1482 751 
31 324 680 466 822 
31 1384 800 1500 883 
31 1074 787 1160 863 
31 628 593 682 638 
31 1269 674 1338 728 
31 1167 565 1210 595 
31 1099 543 1154 590 
31 732 547 776 578 
31 568 633 628 672 
31 1002 522 1039 563 
31 639 516 666 535 
31 946 507 975 529 
31 679 565 717 591 
31 1214 577 1255 611 
31 572 631 630 671 
31 1182 511 1203 526 
31 691 515 722 539 
31 675 558 715 581 
31 643 510 663 525 
31 1213 576 1243 606 
61 2 812 229 1023 
61 504 884 632 989 
61 1563 796 1691 889 
61 1296 616 1364 668 
61 1252 680 1324 734 
61 1080 801 1176 874 
61 1380 680 1447 727 
61 1028 669 1093 710 
61 477 693 550 748 
61 967 513 995 542 
61 647 585 692 613 
61 785 511 807 531 
61 692 522 719 544 
61 550 649 618 694 
61 1164 703 1240 763 
61 1186 609 1242 650 
61 975 512 1005 541 
61 1058 524 1115 571 
61 1008 514 1054 544 
61 698 516 725 537 
61 712 575 762 616 
61 917 504 945 522 
61 1368 676 1428 723 
61 1155 553 1193 578 
61 914 498 939 520 
61 553 636 625 694 
61 1164 703 1240 763 
61 625 537 664 563 
61 685 534 723 565 
91 1076 771 1164 837 
91 1034 665 1095 709 
91 299 780 407 863 
91 516 673 575 721 
91 1107 628 1159 670 
91 604 617 657 656 
91 1390 685 1479 749 
91 1272 615 1329 657 
91 1134 569 1183 609 
91 433 709 516 769 
91 794 536 822 557 
91 676 604 736 655 
91 1179 618 1231 656 
91 1216 573 1266 611 
91 643 562 685 600 
91 677 604 737 654 
91 980 511 1011 534 
91 805 525 827 542 
91 431 708 517 769 
91 1056 550 1118 610 
91 597 556 642 586 
91 943 508 969 529 
121 517 668 581 715 
121 380 742 470 811 
121 583 651 678 736 
121 613 583 669 635 
121 1108 837 1207 911 
121 1582 863 1853 1052 
121 1037 660 1096 705 
121 1005 602 1051 640 
121 550 578 604 627 
121 1370 924 1532 1043 
121 210 807 339 912 
121 1127 577 1163 610 
121 796 556 828 581 
121 908 504 938 524 
121 1203 582 1238 610 
121 904 502 931 519 
121 798 506 819 524 
121 633 532 708 584 
121 1294 625 1359 671 
121 1166 543 1202 576 
121 1084 542 1130 574 
121 1066 586 1108 619 
121 909 501 939 518 
121 1134 573 1173 606 
121 1024 515 1078 577 
121 971 553 1007 587 
121 1370 926 1531 1044 
121 1293 623 1358 672 
121 957 507 987 527 
121 1069 580 1113 612 
151 109 871 260 977 
151 1488 860 1631 961 
151 1352 700 1498 850 
151 1155 963 1325 1063 
151 1412 996 1574 1062 
151 1222 585 1281 625 
151 984 566 1017 595 
151 488 621 544 663 
151 1015 596 1060 631 
151 551 627 616 675 
151 976 557 1016 581 
151 972 561 1008 588 
151 386 739 450 809 
151 1050 684 1110 733 
151 412 761 542 879 
151 1206 741 1294 820 
151 963 554 994 577 
151 1206 740 1295 821 
151 967 549 1000 574 
151 820 508 847 532 
151 563 618 630 668 
151 1048 682 1111 733 
151 662 525 691 545 
151 412 733 557 852 
151 1040 537 1080 578 
151 782 591 816 624 
181 1222 758 1307 839 
181 112 862 269 952 
181 1245 631 1341 725 
181 1543 796 1656 874 
181 1317 719 1400 782 
181 386 656 466 722 
181 454 676 545 747 
181 1015 611 1055 642 
181 1633 989 1803 1056 
181 982 557 1017 585 
181 589 599 656 652 
181 1129 644 1192 699 
181 976 550 1013 576 
181 738 646 791 683 
181 639 542 674 570 
181 641 529 666 548 
181 1158 559 1195 587 
181 649 535 683 563 
181 491 619 556 655 
181 52 859 265 986 
181 1018 530 1059 559 
181 696 518 723 541 
181 1101 533 1133 555 
181 735 644 791 689 
181 1092 531 1121 553 
181 805 521 831 544 
181 796 518 824 541 
181 637 552 669 577 
181 966 538 1000 566 
181 1126 645 1187 699 
181 1083 531 1113 554 
181 1044 527 1081 554 
181 661 525 687 545 
181 1055 532 1089 556 
211 1071 826 1169 903 
211 1374 776 1482 854 
211 1178 580 1259 660 
211 401 672 465 718 
211 640 755 724 830 
211 1233 645 1280 696 
211 277 756 395 864 
211 1237 779 1332 855 
211 1662 1006 1814 1068 
211 519 636 590 707 
211 1131 663 1192 710 
211 284 738 410 860 
211 987 563 1019 593 
211 584 588 631 616 
211 1388 685 1448 731 
211 238 725 352 819 
211 1114 537 1148 566 
211 1019 633 1083 694 
211 235 721 344 812 
211 803 541 838 572 
211 325 729 432 833 
211 526 620 578 643 
211 1387 685 1450 731 
211 978 557 1013 577 
211 867 544 892 568 
211 1085 592 1126 636 
211 629 544 664 568 
241 1601 941 1769 1060 
241 1395 789 1494 866 
241 1034 691 1092 736 
241 1265 682 1333 735 
241 232 749 322 812 
241 1094 816 1189 894 
241 0 840 189 1041 
241 396 716 498 797 
241 505 618 569 653 
241 1368 958 1538 1049 
241 845 527 881 563 
241 1053 564 1090 602 
241 1122 554 1191 610 
241 618 600 663 638 
241 687 524 715 545 
241 410 688 476 722 
241 802 565 845 610 
241 1279 620 1333 658 
241 620 549 658 577 
241 849 520 879 546 
241 1086 608 1130 644 
241 958 537 988 561 
241 853 533 891 563 
241 844 525 874 552 
241 954 541 985 565 
241 864 579 903 614 
241 690 513 720 537 
241 858 548 893 573 
241 1141 670 1207 722 
241 864 576 905 615 
241 1173 596 1278 638 
241 1282 623 1340 659 
241 669 512 701 534 
241 997 585 1042 626 
241 612 550 651 574 
241 998 582 1042 629 
241 1142 670 1206 720 
241 626 544 662 573 
241 406 679 470 709 
241 865 567 904 607 
241 667 571 710 604 
241 948 528 974 553 
241 613 567 654 589 
241 405 709 488 753 
271 408 672 470 717 
271 5 864 89 956 
271 1599 837 1741 942 
271 211 765 313 839 
271 528 646 592 692 
271 760 636 811 671 
271 843 630 901 675 
271 1273 686 1334 738 
271 1375 756 1468 830 
271 611 610 666 648 
271 1209 749 1292 821 
271 1042 676 1106 731 
271 160 823 324 950 
271 1176 988 1327 1059 
271 1188 621 1242 661 
271 560 591 611 628 
271 968 549 1007 584 
271 1198 628 1254 663 
271 1015 613 1055 647 
271 1195 572 1239 604 
271 710 588 762 623 
271 1118 562 1167 593 
271 1197 591 1243 625 
271 163 821 323 951 
271 1206 750 1291 821 
301 238 737 336 811 
301 1076 751 1164 830 
301 383 726 475 793 
301 681 721 760 787 
301 1017 611 1070 645 
301 514 658 585 716 
301 805 712 888 789 
301 1261 664 1324 716 
301 496 619 554 653 
301 1135 654 1200 699 
301 1408 693 1489 756 
301 859 627 900 660 
301 1202 624 1255 663 
301 739 536 785 566 
301 745 660 807 700 
301 652 641 723 686 
301 793 527 836 584 
301 359 464 1502 790 
301 986 568 1018 600 
301 1141 579 1186 620 
301 1080 538 1114 569 
301 863 618 902 644 
301 593 623 646 658 
301 1150 566 1196 602 
301 1079 549 1110 575 
301 867 597 907 627 
301 694 537 725 559 
331 1453 830 1593 939 
331 0 881 56 973 
331 632 779 728 852 
331 80 876 229 988 
331 772 573 829 638 
331 530 738 620 803 
331 812 717 885 784 
331 1193 611 1245 654 
331 403 672 468 719 
331 454 947 602 1061 
331 1042 652 1107 705 
331 340 747 451 831 
331 693 914 838 1057 
331 838 636 910 708 
331 518 675 579 727 
331 558 624 635 673 
331 503 615 557 656 
331 1735 935 1916 1059 
331 1298 624 1355 671 
331 1106 877 1232 982 
331 1026 530 1064 564 
331 1144 582 1186 612 
331 1112 872 1236 977 
331 968 521 996 559 
331 1037 532 1072 562 
331 1734 933 1918 1059 
331 1023 539 1059 568 
331 679 549 713 573 
331 1085 597 1129 637 
331 1299 623 1355 671 
331 995 569 1025 597 
331 914 507 940 531 
361 219 935 380 1053 
361 697 919 834 1048 
361 1293 704 1391 772 
361 358 760 459 832 
361 1051 713 1119 769 
361 228 751 323 817 
361 1009 596 1057 635 
361 714 612 804 715 
361 401 665 472 718 
361 469 686 550 749 
361 988 513 1022 551 
361 1473 740 1596 835 
361 1219 576 1266 613 
361 993 508 1027 545 
361 3 908 155 1036 
361 778 733 886 858 
361 1056 537 1088 572 
361 1050 546 1083 582 
361 1054 559 1086 593 
361 652 570 688 601 
361 7 907 151 1037 
361 1062 512 1091 539 
361 1099 555 1134 582 
361 638 540 673 562 
361 1481 739 1598 834 
361 969 522 998 562 
361 1145 570 1180 603 
361 1063 548 1097 582 
361 1100 544 1139 578 
391 24 926 202 1031 
391 268 781 388 873 
391 1714 892 1864 998 
391 603 691 749 860 
391 0 883 48 968 
391 1213 640 1281 688 
391 227 737 333 824 
391 1346 644 1423 708 
391 1019 627 1070 664 
391 684 612 741 659 
391 1158 547 1194 581 
391 613 598 659 641 
391 1020 517 1048 541 
391 1027 515 1052 538 
391 962 503 993 532 
391 784 600 827 637 
391 1009 532 1050 562 
391 780 602 825 643 
391 626 657 687 707 
391 1090 553 1119 578 
391 1097 552 1133 578 
391 978 504 1007 527 
391 626 542 665 579 
391 627 1003 796 1066 
421 558 845 672 943 
421 1317 887 1443 986 
421 1657 861 1801 949 
421 1 857 45 963 
421 1569 955 1732 1059 
421 498 745 588 815 
421 616 594 662 638 
421 1164 592 1216 629 
421 844 520 885 558 
421 546 595 592 624 
421 735 659 792 715 
421 1156 588 1204 626 
421 1453 732 1530 793 
421 556 642 616 690 
421 992 571 1045 615 
421 1097 528 1136 558 
421 610 662 684 729 
421 1045 531 1080 557 
421 1261 592 1319 639 
421 793 507 821 532 
421 1053 532 1087 557 
421 1107 526 1143 554 
421 790 513 814 534 
421 1260 592 1319 640 
421 978 513 1012 545 
421 646 523 684 548 
421 933 497 956 519 
451 1533 889 1674 990 
451 224 900 378 1021 
451 1435 719 1509 775 
451 1362 771 1443 835 
451 1111 560 1153 592 
451 1182 721 1255 779 
451 607 765 714 857 
451 471 637 532 676 
451 462 702 536 765 
451 1287 845 1405 933 
451 1188 556 1234 594 
451 553 640 609 688 
451 855 542 906 586 
451 1129 929 1265 1031 
451 698 534 728 556 
451 801 523 836 552 
451 793 525 827 553 
451 452 762 572 861 
451 537 598 595 636 
451 969 542 1003 572 
451 731 511 755 529 
451 973 550 1012 572 
451 699 527 720 545 
451 451 760 571 862 
451 701 518 727 539 
451 718 521 741 538 
451 1338 649 1394 698 
451 735 502 751 520 
451 1327 644 1384 693 
451 935 508 966 533 
451 1340 650 1395 696 
451 751 496 773 517 
451 791 516 823 542 
481 1507 876 1640 988 
481 1241 796 1339 887 
481 449 636 521 690 
481 1342 736 1426 797 
481 293 795 404 882 
481 352 690 422 748 
481 1178 702 1246 758 
481 1113 640 1182 683 
481 856 581 905 629 
481 1053 713 1128 769 
481 447 695 532 762 
481 1249 669 1307 712 
481 1842 1003 1918 1068 
481 1246 597 1305 633 
481 1059 538 1115 570 
481 1321 638 1394 681 
481 798 537 841 569 
481 1128 536 1169 568 
481 1015 508 1047 531 
481 838 519 861 540 
481 674 547 713 579 
481 843 515 869 536 
481 707 589 757 626 
481 830 518 853 540 
481 114 929 316 1060 
481 1027 508 1054 529 
481 612 548 657 584 
481 956 515 988 537 
511 1443 839 1564 927 
511 262 794 378 889 
511 1482 762 1586 838 
511 121 789 239 868 
511 1145 676 1214 739 
511 1260 822 1399 941 
511 653 638 706 684 
511 792 567 835 600 
511 300 699 394 771 
511 1023 625 1078 663 
511 860 550 897 578 
511 569 569 630 611 
511 1236 597 1286 628 
511 832 624 904 713 
511 1028 524 1066 548 
511 1336 731 1413 800 
511 1334 733 1415 800 
511 1243 658 1299 694 
511 745 529 783 557 
511 1082 517 1113 546 
511 1178 565 1216 594 
511 1117 631 1165 669 
511 1182 620 1222 652 
511 978 505 1010 526 
511 3 980 106 1058 
511 969 505 999 525 
511 294 701 391 770 
511 641 519 675 540 
511 911 508 938 529 
511 1066 582 1113 621 
511 833 627 905 711 
511 796 560 836 590 
541 1402 800 1501 870 
541 1304 715 1382 771 
541 765 598 819 645 
541 4 821 156 936 
541 591 612 648 653 
541 517 602 576 648 
541 1635 843 1793 944 
541 526 742 615 811 
541 868 600 897 624 
541 1171 606 1223 645 
541 765 741 883 873 
541 1331 662 1396 704 
541 1095 615 1143 658 
541 866 592 896 613 
541 1159 693 1237 753 
541 1234 654 1297 703 
541 1067 581 1105 611 
541 995 572 1033 601 
541 1040 507 1071 529 
541 1076 585 1114 620 
541 1159 692 1237 753 
541 758 506 792 528 
541 697 517 724 537 
541 786 503 811 528 
541 738 552 773 581 
541 755 499 780 518 
541 694 522 719 539 
541 767 738 882 870 
541 999 512 1032 534 
571 1272 693 1336 745 
571 497 678 566 726 
571 211 960 373 1051 
571 1175 605 1221 640 
571 713 646 784 710 
571 868 576 901 606 
571 1102 617 1158 664 
571 573 619 642 670 
571 1018 550 1043 570 
571 965 538 998 562 
571 424 641 507 710 
571 1427 701 1510 766 
571 708 588 757 624 
571 1215 645 1276 687 
571 1082 521 1105 545 
571 1425 700 1518 766 
571 1000 536 1030 560 
571 1024 548 1051 569 
571 1243 601 1291 638 
571 424 641 501 709 
571 989 523 1014 546 
571 1036 557 1060 580 
571 993 521 1021 541 
571 566 579 610 610 
571 1062 572 1089 610 
571 849 653 902 695 
571 1114 543 1147 568 
571 1122 555 1159 582 
571 949 509 967 523 
571 710 588 757 625 
601 315 772 420 851 
601 646 639 707 689 
601 793 775 878 844 
601 473 686 552 747 
601 857 625 904 663 
601 1199 633 1249 673 
601 1082 538 1114 563 
601 509 622 562 660 
601 260 699 378 796 
601 932 517 959 540 
601 754 504 782 527 
601 803 525 841 558 
601 1177 571 1220 597 
601 677 564 718 592 
601 608 739 714 829 
601 1156 592 1199 632 
601 1081 524 1113 544 
601 1040 507 1068 531 
601 612 739 713 831 
601 924 515 945 535 
601 1077 551 1110 574 
601 1066 577 1111 610 
601 956 519 981 538 
601 666 516 694 542 
601 1123 569 1170 604 
601 573 578 622 610 
631 261 792 388 891 
631 818 719 890 778 
631 1488 761 1577 830 
631 366 927 561 1060 
631 522 727 614 802 
631 1147 594 1187 625 
631 1030 539 1077 575 
631 638 593 686 626 
631 805 548 843 584 
631 1094 799 1209 900 
631 825 505 852 527 
631 975 525 1004 548 
631 0 817 128 946 
631 397 681 459 731 
631 1093 552 1141 592 
631 985 524 1013 548 
631 1086 552 1126 593 
631 640 535 678 565 
631 968 523 1003 543 
631 646 533 687 561 
631 515 612 568 649 
631 1100 801 1212 899 
631 1120 541 1156 572 
631 0 819 126 946 
631 397 680 459 732 
631 5 977 95 1054 
631 994 531 1025 556 
631 754 504 787 530 
631 1048 539 1095 577 
661 222 911 387 1050 
661 1641 972 1830 1061 
661 1046 671 1114 724 
661 1335 892 1463 994 
661 193 770 297 840 
661 828 532 856 554 
661 576 642 634 681 
661 834 531 862 552 
661 995 522 1035 556 
661 741 530 781 555 
661 693 939 825 1040 
661 1106 567 1141 593 
661 418 659 483 706 
661 836 527 859 545 
661 1112 562 1147 590 
661 1321 654 1416 699 
661 687 948 824 1056 
661 826 525 852 543 
661 1176 556 1215 590 
661 787 579 841 622 
661 697 592 747 625 
661 992 518 1027 550 
661 671 527 717 570 
661 785 578 839 622 
661 746 521 779 543 
661 1037 528 1088 564 
661 1059 530 1105 560 
691 1305 866 1433 963 
691 251 727 342 792 
691 645 631 706 679 
691 1356 746 1456 827 
691 458 702 534 761 
691 545 596 597 630 
691 752 515 781 533 
691 751 620 813 676 
691 756 525 778 543 
691 1185 721 1270 784 
691 643 566 687 603 
691 827 541 864 567 
691 1227 597 1272 626 
691 748 538 777 560 
691 1028 598 1080 638 
691 955 511 987 539 
691 785 519 813 535 
691 750 548 776 567 
691 819 545 848 565 
691 1189 728 1273 784 
691 1073 542 1103 564 
691 1022 598 1077 640 
691 788 526 807 542 
691 963 512 1001 540 
691 746 617 811 677 
721 547 716 629 779 
721 463 636 523 681 
721 2 860 67 950 
721 1176 711 1248 765 
721 1158 558 1197 582 
721 1120 642 1180 686 
721 218 828 351 922 
721 601 600 653 642 
721 1246 649 1307 703 
721 801 529 828 548 
721 1006 553 1048 591 
721 793 539 822 561 
721 1056 528 1086 552 
721 677 683 772 784 
721 809 538 839 563 
721 816 580 849 602 
721 750 521 778 542 
721 675 683 771 784 
721 595 600 651 643 
721 1061 524 1089 546 
721 938 507 967 529 
721 645 576 703 615 
721 977 513 1015 535 
721 738 564 776 600 
721 919 504 943 526 
721 803 552 835 574 
721 750 536 783 562 
721 1246 648 1307 703 
721 1076 525 1102 548 
721 977 515 1003 538 
721 930 504 951 524 
751 319 878 454 979 
751 1138 928 1262 1022 
751 516 651 589 708 
751 985 526 1023 556 
751 1097 531 1132 556 
751 492 830 654 1013 
751 629 571 679 614 
751 324 710 406 768 
751 794 549 828 582 
751 796 557 831 592 
751 1107 633 1166 676 
751 1168 600 1216 634 
751 753 509 785 530 
751 792 543 822 572 
751 797 568 830 597 
751 807 524 832 543 
751 494 823 655 1013 
751 789 624 839 657 
751 323 708 408 769 
751 1176 512 1202 528 
751 1170 594 1216 631 
751 1170 510 1197 527 
751 1046 506 1079 530 
751 931 505 952 523 
751 697 612 754 646 
751 690 610 749 647 
751 944 505 968 525 
751 1077 588 1118 621 
751 597 619 654 664 
751 919 502 941 522 
751 983 520 1022 548 
751 786 550 814 576 
751 1047 502 1080 530 
751 788 513 811 534 
781 1558 921 1748 1041 
781 716 704 785 757 
781 1241 780 1340 861 
781 1054 716 1117 769 
781 57 821 188 915 
781 1566 813 1684 890 
781 584 617 637 657 
781 780 589 828 630 
781 499 668 578 734 
781 800 542 833 575 
781 1116 564 1155 597 
781 361 719 469 809 
781 1034 510 1079 535 
781 629 651 701 703 
781 701 587 749 625 
781 1072 584 1118 622 
781 1124 513 1146 527 
781 954 510 990 535 
781 912 501 940 521 
781 627 653 701 703 
781 905 500 928 517 
781 1038 557 1081 591 
781 402 701 465 746 
781 1030 557 1067 587 
781 1028 553 1074 581 
811 1339 732 1435 806 
811 495 761 596 832 
811 1591 912 1732 1016 
811 472 683 545 748 
811 1163 510 1194 531 
811 553 865 669 962 
811 1374 695 1459 742 
811 652 640 706 683 
811 1167 507 1199 528 
811 1022 617 1064 651 
811 1149 670 1208 719 
811 701 588 752 632 
811 311 770 426 859 
811 742 639 803 691 
811 34 855 224 1033 
811 933 506 964 527 
811 792 576 831 608 
811 29 855 225 1029 
811 928 504 953 524 
811 800 572 839 606 
811 919 503 942 523 
811 309 768 424 862 
811 732 505 753 526 
811 801 511 838 537 
811 978 507 1001 524 
811 1019 546 1047 567 
841 555 714 633 778 
841 170 990 339 1057 
841 659 703 754 788 
841 640 637 713 697 
841 1394 735 1480 798 
841 1227 643 1298 696 
841 1243 784 1338 864 
841 1023 519 1056 554 
841 1031 512 1060 546 
841 834 520 859 538 
841 768 611 818 654 
841 1116 510 1147 529 
841 828 514 851 535 
841 1285 624 1339 660 
841 840 516 865 535 
841 992 570 1023 600 
841 646 587 709 621 
841 794 550 827 584 
841 964 512 989 538 
841 794 544 818 574 
841 721 534 752 556 
841 250 785 373 887 
841 250 787 372 886 
841 822 520 841 539 
841 973 520 997 545 
841 844 538 873 562 
841 1239 632 1305 685 
841 4 985 94 1063 
841 558 590 611 617 
841 905 503 931 520 
841 1119 508 1149 524 
841 620 548 655 571 
841 633 537 663 566 
871 332 858 462 966 
871 587 635 641 675 
871 487 848 629 999 
871 1531 785 1634 862 
871 1142 664 1207 713 
871 553 588 600 633 
871 519 707 637 796 
871 957 527 992 562 
871 787 535 817 564 
871 1286 825 1396 926 
871 709 674 784 735 
871 1084 812 1181 898 
871 985 510 1010 536 
871 1169 581 1253 634 
871 1292 646 1360 691 
871 1087 812 1181 902 
871 1058 566 1093 592 
871 837 536 873 557 
871 477 640 531 676 
871 996 509 1019 532 
871 709 673 784 735 
871 865 576 893 594 
871 1285 828 1398 925 
871 1170 583 1251 632 
871 978 513 1006 536 
871 1296 646 1373 695 
871 782 588 822 618 
871 843 528 870 546 
871 851 577 882 599 
871 991 506 1015 526 
871 698 554 739 582 
871 938 513 963 535 
871 549 579 598 618 
871 871 572 902 594 
871 795 594 833 621 
901 599 783 701 874 
901 1034 664 1099 717 
901 1230 596 1278 630 
901 445 720 522 773 
901 854 616 901 650 
901 475 631 534 674 
901 265 855 477 1009 
901 1159 691 1231 735 
901 1642 980 1823 1054 
901 337 715 411 764 
901 544 591 597 637 
901 1361 671 1426 716 
901 1089 604 1126 641 
901 747 635 798 680 
901 1034 537 1064 564 
901 1120 557 1174 590 
901 780 585 815 615 
901 1141 558 1190 587 
901 1357 668 1422 714 
901 1113 559 1158 590 
901 955 505 980 528 
901 942 507 966 533 
901 931 508 954 535 
901 748 634 797 681 
901 963 504 986 527 
901 915 509 940 532 
901 697 522 721 540 
901 649 592 695 622 
901 583 575 620 606 
901 1082 601 1130 641 
901 735 534 767 561 
931 134 866 273 970 
931 43 836 171 910 
931 344 689 422 751 
931 829 698 896 752 
931 1593 754 1700 880 
931 1345 949 1501 1050 
931 1347 742 1443 818 
931 1167 566 1208 590 
931 1610 960 1805 1064 
931 663 722 740 790 
931 1254 609 1315 643 
931 447 630 523 688 
931 740 634 794 677 
931 580 635 639 676 
931 523 613 571 646 
931 1096 535 1142 561 
931 756 508 786 526 
931 1004 597 1056 632 
931 862 587 896 615 
931 1167 558 1209 581 
931 1011 519 1037 541 
931 605 563 650 592 
931 1047 560 1087 595 
931 741 549 778 580 
931 1100 609 1148 650 
931 1007 510 1024 545 
931 733 562 766 590 
961 464 904 600 1019 
961 1333 731 1422 803 
961 654 719 734 788 
961 728 873 840 980 
961 83 792 214 886 
961 841 640 901 687 
961 434 723 513 786 
961 414 671 480 720 
961 980 558 1014 584 
961 1176 565 1216 594 
961 705 594 752 635 
961 1117 540 1148 561 
961 756 632 806 667 
961 558 589 608 628 
961 1227 639 1294 692 
961 1178 722 1260 785 
961 284 700 387 783 
961 284 703 387 782 
961 1429 644 1526 759 
961 779 508 810 529 
961 1232 638 1293 691 
961 1176 724 1254 784 
961 742 546 778 571 
961 984 534 1031 569 
961 991 523 1046 561 
961 1065 520 1103 542 
961 975 552 1004 573 
991 94 890 247 998 
991 777 758 866 826 
991 454 898 595 1012 
991 681 714 758 774 
991 1326 594 1429 711 
991 212 760 316 828 
991 1 832 118 954 
991 1209 636 1272 690 
991 645 650 705 703 
991 942 516 976 553 
991 1151 818 1250 908 
991 1163 584 1207 621 
991 1106 637 1166 675 
991 476 633 536 683 
991 1308 588 1390 691 
991 1116 541 1156 566 
991 1295 586 1367 685 
991 1074 524 1102 543 
991 787 510 812 541 
991 1020 539 1049 571 
991 723 578 766 605 
991 1018 540 1049 570 
1021 487 897 615 992 
1021 1526 770 1635 842 
1021 504 744 601 822 
1021 330 709 409 765 
1021 552 643 611 688 
1021 1068 682 1136 734 
1021 1056 580 1103 615 
1021 1220 551 1318 647 
1021 1112 552 1152 578 
1021 798 510 822 531 
1021 689 618 742 657 
1021 798 534 832 566 
1021 1144 582 1199 624 
1021 753 502 785 523 
1021 971 515 1000 542 
1021 749 498 777 518 
1021 978 515 1005 544 
1021 806 522 828 541 
1021 1073 527 1100 545 
1021 648 569 694 606 
1021 690 617 743 657 
1021 1064 523 1088 546 
1051 411 719 496 783 
1051 12 843 154 943 
1051 1021 551 1055 577 
1051 1419 802 1509 872 
1051 616 677 677 731 
1051 161 951 336 1054 
1051 1362 669 1436 714 
1051 1085 541 1133 580 
1051 1029 509 1053 524 
1051 1035 516 1059 531 
1051 728 503 759 526 
1051 1040 507 1067 523 
1051 594 613 649 651 
1051 1027 610 1079 652 
1051 1022 543 1056 570 
1051 794 565 835 601 
1051 862 553 894 578 
1051 1029 519 1051 535 
1051 823 510 847 532 
1051 766 504 791 524 
1051 161 950 337 1054 
1051 1360 667 1431 712 
1051 749 502 777 522 
1051 645 527 682 559 
1051 1006 512 1030 528 
1051 828 512 845 528 
1051 632 532 674 566 
1051 794 563 835 604 
1051 1409 792 1504 859 
1051 961 507 983 527 
1081 98 873 247 983 
1081 448 792 561 881 
1081 553 589 609 626 
1081 493 673 559 722 
1081 1266 608 1323 645 
1081 491 620 551 666 
1081 753 616 813 667 
1081 1042 524 1073 554 
1081 1227 770 1325 851 
1081 839 533 869 553 
1081 979 515 1012 546 
1081 786 509 813 536 
1081 843 523 864 541 
1081 985 523 1017 553 
1081 846 521 871 539 
1081 1262 675 1334 738 
1081 863 600 906 628 
1081 604 566 641 594 
1081 615 558 648 588 
1081 1263 676 1334 736 
1081 696 514 720 543 
1081 607 558 639 581 
1081 618 547 648 575 
1081 621 550 654 580 
1111 1392 777 1493 856 
1111 353 690 426 748 
1111 665 701 754 784 
1111 838 676 905 724 
1111 304 776 406 851 
1111 1189 571 1234 597 
1111 1183 622 1245 659 
1111 1129 660 1198 709 
1111 860 556 895 583 
1111 1073 496 1129 554 
1111 1001 510 1032 532 
1111 479 623 539 664 
1111 1015 507 1044 530 
1111 937 512 962 528 
1111 571 582 617 619 
1111 746 513 778 545 
1111 674 521 726 570 
1111 604 551 651 593 
1111 1179 619 1232 653 
1111 1004 508 1031 525 
1111 969 538 994 571 
1111 968 541 993 568 
1111 928 503 955 519 
1111 787 523 821 559 
1111 918 509 940 524 
1141 1620 823 1750 909 
1141 1400 774 1499 856 
1141 75 815 196 895 
1141 403 910 585 1059 
1141 353 694 428 753 
1141 865 598 904 629 
1141 762 840 858 924 
1141 1250 671 1323 720 
1141 859 595 896 627 
1141 554 576 616 626 
1141 632 532 705 594 
1141 741 534 779 564 
1141 864 590 902 619 
1141 795 540 832 586 
1141 1131 565 1171 607 
1141 941 521 964 542 
1141 497 623 561 673 
1141 943 519 965 537 
1141 634 499 659 517 
1141 795 539 831 576 
1141 744 524 775 549 
1141 786 533 822 565 
1141 938 516 960 537 
1141 680 507 705 528 
1141 792 548 826 584 
1141 1080 602 1136 634 
1141 774 523 802 546 
1141 691 501 719 524 
1141 1133 551 1169 572 
1141 1079 601 1139 635 
1141 961 511 980 532 
1171 99 801 223 886 
1171 839 662 905 719 
1171 373 696 447 753 
1171 1638 1005 1794 1070 
1171 770 602 817 640 
1171 1172 608 1233 645 
1171 735 561 776 594 
1171 619 564 689 630 
1171 482 606 559 666 
1171 1253 664 1331 718 
1171 794 542 826 571 
1171 589 567 625 598 
1171 794 569 830 598 
1171 1078 532 1121 574 
1171 789 552 827 590 
1171 1258 665 1330 719 
1171 1040 556 1090 593 
1171 733 553 774 586 
1171 481 607 558 665 
1171 789 554 814 580 
1171 1162 604 1218 642 
1171 1057 535 1115 584 
1171 797 524 827 547 
1171 1412 686 1484 740 
1201 552 589 641 678 
1201 348 660 454 748 
1201 1115 570 1154 598 
1201 1361 764 1455 834 
1201 698 591 752 634 
1201 1266 786 1386 901 
1201 719 666 780 720 
1201 674 534 719 570 
1201 799 538 833 564 
1201 750 803 859 910 
1201 759 610 816 661 
1201 1175 608 1221 642 
1201 1006 537 1046 565 
1201 120 813 246 911 
1201 121 813 247 911 
1201 757 613 815 664 
1201 675 530 716 559 
1201 748 805 857 912 
1201 803 532 833 552 
1201 793 540 825 565 
1201 1256 786 1385 901 
1231 82 746 256 887 
1231 1672 988 1860 1059 
1231 413 637 550 768 
1231 591 797 684 872 
1231 1067 540 1108 570 
1231 805 576 836 596 
1231 1246 664 1302 709 
1231 623 642 693 709 
1231 1114 564 1151 596 
1231 692 686 768 762 
1231 742 542 778 569 
1231 1143 664 1222 733 
1231 1203 571 1244 603 
1231 798 574 829 594 
1231 652 552 705 600 
1231 818 590 839 601 
1231 968 519 995 541 
1231 798 567 834 588 
1231 1004 516 1034 540 
1231 1146 665 1225 734 
1231 692 512 722 530 
1231 653 551 705 600 
1231 971 512 994 537 
1231 739 534 773 557 
1261 144 741 368 942 
1261 1553 913 1712 1016 
1261 1402 751 1495 830 
1261 518 815 661 979 
1261 287 721 375 776 
1261 608 580 676 637 
1261 1064 542 1103 567 
1261 1029 527 1062 549 
1261 694 528 727 548 
1261 483 743 588 837 
1261 779 606 825 637 
1261 1086 601 1151 651 
1261 1168 602 1217 640 
1261 728 571 764 598 
1261 1632 847 1789 950 
1261 696 524 726 543 
1261 1029 522 1058 542 
1261 966 513 987 532 
1261 972 511 994 531 
1261 1039 525 1072 545 
1261 1139 543 1169 569 
1261 703 521 730 542 
1261 1632 850 1788 953 
1261 729 567 770 589 
1291 1473 870 1611 969 
1291 0 856 101 948 
1291 534 610 621 685 
1291 735 658 793 713 
1291 685 605 741 647 
1291 1330 724 1421 786 
1291 1295 646 1364 703 
1291 89 968 325 1058 
1291 1056 562 1097 600 
1291 1426 706 1502 767 
1291 1050 559 1086 597 
1291 1028 523 1055 549 
1291 1110 560 1149 590 
1291 1022 523 1047 547 
1291 526 603 561 632 
1291 1093 538 1119 559 
1291 95 971 325 1061 
1291 1089 524 1113 544 
1291 990 516 1015 537 
1291 670 520 699 537 
1321 624 775 714 851 
1321 609 661 679 723 
1321 1302 630 1359 671 
1321 1296 718 1369 774 
1321 1230 595 1283 632 
1321 431 645 497 676 
1321 1167 922 1317 1054 
1321 1415 952 1563 1057 
1321 1420 958 1567 1062 
1321 1016 536 1056 569 
1321 405 670 523 777 
1321 409 676 525 775 
1321 989 517 1014 538 
1321 1161 926 1312 1050 
1321 1060 536 1103 569 
1321 1208 640 1275 676 
1321 1222 640 1301 678 
1321 729 506 759 524 
1321 645 507 677 533 
1321 764 503 788 523 
1321 434 639 500 667 
1351 125 785 329 960 
1351 444 763 556 859 
1351 1384 767 1487 847 
1351 1067 714 1145 780 
1351 1220 734 1289 802 
1351 223 731 328 799 
1351 643 528 678 554 
1351 276 804 352 881 
1351 1143 584 1194 620 
1351 1193 624 1244 669 
1351 974 513 1008 543 
1351 734 504 764 526 
1351 1765 901 1919 1033 
1351 987 515 1049 548 
1351 638 522 674 547 
1351 788 502 813 525 
1351 627 598 668 632 
1351 968 512 999 537 
1351 1772 906 1810 989 
1351 1149 560 1204 603 
1381 626 535 670 568 
1381 1027 625 1082 669 
1381 1388 966 1571 1062 
1381 1243 661 1308 708 
1381 1467 723 1599 828 
1381 1133 573 1175 608 
1381 974 510 1007 531 
1381 806 514 826 530 
1381 539 651 604 694 
1381 543 646 607 694 
1381 793 510 821 530 
1381 1093 541 1136 578 
1381 794 514 814 529 
1381 750 502 784 528 
1381 686 504 721 527 
1381 1135 644 1184 687 
1381 745 507 775 532 
1381 799 505 825 526 
1381 735 503 767 529 
1381 815 512 836 529 
1381 1088 548 1129 579 
1381 688 514 715 530 
1381 678 506 704 528 
1381 1163 553 1196 575 
1381 940 505 967 528 
1411 1323 632 1421 706 
1411 1200 740 1299 818 
1411 389 735 484 803 
1411 594 557 645 595 
1411 1165 603 1211 635 
1411 1055 523 1101 563 
1411 1089 533 1139 569 
1411 1002 577 1047 610 
1411 1050 518 1089 552 
1411 952 508 977 527 
1411 833 506 857 527 
1411 828 503 852 526 
1411 837 498 859 519 
1411 758 513 785 534 
1411 831 511 854 531 
1411 758 521 778 538 
1441 44 905 205 1018 
1441 1245 579 1314 642 
1441 1122 651 1190 702 
1441 1106 562 1141 592 
1441 840 531 868 553 
1441 1384 786 1518 899 
1441 534 593 594 636 
1441 748 531 782 560 
1441 837 524 863 546 
1441 535 589 598 634 
1441 846 523 872 546 
1441 1019 512 1052 535 
1441 1042 548 1076 581 
1441 1014 508 1046 530 
1441 775 513 807 544 
1441 1385 778 1515 896 
1441 1057 510 1088 539 
1441 975 542 1015 572 
1441 975 540 1019 574 
1471 439 636 514 687 
1471 1179 548 1237 597 
1471 1368 940 1529 1047 
1471 1055 534 1090 560 
1471 765 604 806 641 
1471 1071 593 1125 634 
1471 1250 670 1331 740 
1471 681 548 717 570 
1471 943 521 972 546 
1471 851 541 890 581 
1471 990 519 1030 558 
1471 977 516 1018 552 
1471 954 514 984 544 
1471 959 516 994 549 
1471 1060 529 1088 546 
1471 688 550 727 574 
1471 706 510 728 533 
1471 732 552 772 597 
1471 1247 668 1329 738 
1471 638 537 675 561 
1471 1049 529 1080 550 
1471 797 516 829 554 
1471 687 543 725 568 
1471 910 509 932 524 
1501 1468 780 1669 960 
1501 1045 559 1090 596 
1501 1225 734 1311 800 
1501 709 663 773 717 
1501 261 706 366 782 
1501 1167 600 1229 650 
1501 862 582 900 617 
1501 704 593 746 625 
1501 336 684 405 750 
1501 1015 516 1048 541 
1501 799 531 833 585 
1501 328 686 402 754 
1501 650 578 689 602 
1501 693 536 723 562 
1501 945 511 972 537 
1501 694 521 717 541 
1501 694 515 724 539 
1501 727 507 753 528 
1501 704 589 746 613 
1501 799 534 832 575 
1501 972 511 993 536 
1501 805 523 830 548 
1501 683 546 715 567 
1531 1306 660 1431 794 
1531 1087 796 1185 882 
1531 606 778 695 847 
1531 1014 539 1051 564 
1531 0 836 102 957 
1531 1172 648 1226 692 
1531 652 636 704 674 
1531 848 634 907 692 
1531 978 510 1008 528 
1531 557 582 618 628 
1531 1260 806 1374 904 
1531 53 809 164 889 
1531 1570 801 1691 882 
1531 1115 566 1162 607 
1531 1851 526 1902 556 
1531 778 584 823 626 
1531 702 595 753 630 
1531 801 536 836 564 
1531 973 508 994 524 
1531 1571 804 1691 884 
1531 34 816 142 913 
1531 750 503 785 526 
1531 55 807 161 887 
1531 598 601 657 646 
1531 979 505 1001 522 
1531 600 603 656 645 
1531 1166 645 1218 684 
1531 1117 563 1160 605 
1531 561 582 622 628 
1531 671 516 698 535 
1561 1512 760 1647 868 
1561 1224 608 1314 701 
1561 1122 599 1166 628 
1561 1537 912 1688 1013 
1561 1305 865 1421 963 
1561 1135 888 1287 1026 
1561 522 665 593 715 
1561 1400 685 1468 737 
1561 652 636 715 687 
1561 976 523 1015 549 
1561 792 729 887 828 
1561 489 621 550 672 
1561 1126 594 1171 623 
1561 1042 671 1107 726 
1561 567 697 644 763 
1561 1158 687 1229 743 
1561 797 558 839 598 
1561 746 631 811 688 
1561 623 593 672 628 
1561 1073 532 1111 570 
1561 747 521 773 541 
1561 790 513 811 532 
1561 792 506 816 529 
1561 659 526 686 547 
1561 1044 500 1077 541 
1561 670 515 697 534 
1561 971 521 1006 544 
1561 726 513 758 533 
1561 647 526 673 543 
1561 739 629 805 688 
1561 728 521 751 536 
1561 644 542 678 563 
1561 702 511 731 531 
1591 401 811 512 911 
1591 1166 574 1230 639 
1591 1344 743 1425 807 
1591 562 710 646 776 
1591 365 687 446 754 
1591 653 721 749 806 
1591 352 757 451 828 
1591 1287 620 1334 654 
1591 1513 781 1620 850 
1591 648 999 790 1063 
1591 1086 560 1130 583 
1591 627 594 675 632 
1591 542 647 609 688 
1591 950 511 979 530 
1591 797 513 821 531 
1591 776 604 834 648 
1591 1011 609 1057 644 
1591 1084 557 1121 580 
1591 1357 658 1435 725 
1591 1055 705 1136 783 
1591 944 509 973 527 
1591 1060 705 1139 778 
1591 630 543 665 569 
1591 1170 709 1242 763 
1591 625 547 660 574 
1591 722 532 760 564 
1591 661 522 684 543 
1591 1510 515 1564 539 
1591 668 516 694 535 
1591 644 540 674 562 
1591 1032 519 1062 544 
1591 647 522 675 542 
1591 1353 655 1391 704 
1591 783 534 815 555 
1621 377 832 509 939 
1621 402 723 489 786 
1621 2 945 139 1054 
1621 421 902 621 1058 
1621 727 669 795 731 
1621 113 800 258 913 
1621 1206 573 1256 607 
1621 1015 624 1081 674 
1621 1052 538 1082 565 
1621 553 641 617 687 
1621 1105 629 1157 670 
1621 1120 543 1175 597 
1621 982 567 1010 595 
1621 837 521 858 537 
1621 649 522 678 542 
1621 1242 659 1303 704 
1621 921 508 940 524 
1621 696 566 737 592 
1621 1407 509 1454 529 
1621 1362 672 1447 723 
1621 637 537 672 564 
1621 721 519 744 541 
1621 660 522 684 544 
1621 558 585 620 619 
1621 804 545 833 564 
1621 1052 558 1091 600 
1621 1363 668 1436 722 
1621 930 508 946 521 
1621 703 555 737 575 
1621 845 517 865 534 
1621 1056 522 1085 544 
1621 1117 546 1175 597 
1651 1304 877 1432 979 
1651 56 872 213 979 
1651 1082 770 1173 839 
1651 1559 847 1848 1047 
1651 428 716 508 777 
1651 484 625 545 668 
1651 602 772 707 872 
1651 649 594 695 629 
1651 1177 601 1224 638 
1651 993 573 1038 611 
1651 621 545 661 579 
1651 853 537 878 562 
1651 617 555 659 588 
1651 557 584 614 618 
1651 1198 559 1244 597 
1651 700 537 737 565 
1651 1149 545 1187 572 
1651 955 504 976 527 
1651 1199 557 1244 598 
1651 956 491 979 519 
1651 787 571 829 602 
1651 996 575 1046 613 
1651 1268 611 1325 649 
1651 786 568 830 604 
1651 784 507 816 528 
1651 1086 529 1124 574 
1651 1019 530 1053 565 
1651 1198 555 1236 581 
1681 151 847 284 958 
1681 348 685 422 749 
1681 493 623 551 661 
1681 1040 661 1102 702 
1681 558 644 617 687 
1681 1182 724 1255 772 
1681 867 560 905 590 
1681 761 615 816 654 
1681 1386 737 1579 864 
1681 582 581 627 612 
1681 862 557 899 585 
1681 1031 548 1068 578 
1681 1360 978 1507 1058 
1681 813 517 837 537 
1681 817 514 843 534 
1681 857 563 893 592 
1681 678 564 724 594 
1681 1352 979 1504 1058 
1681 1199 576 1238 601 
1681 1091 519 1124 543 
1681 1093 527 1125 552 
1681 765 617 821 655 
1681 749 525 776 544 
1681 1104 521 1141 543 
1681 924 499 955 540 
1681 1047 508 1079 543 
1681 755 519 785 541 
1711 695 694 769 752 
1711 1843 977 1920 1064 
1711 390 736 481 806 
1711 861 607 907 645 
1711 73 805 199 889 
1711 1192 754 1271 823 
1711 1120 876 1245 983 
1711 1264 632 1369 731 
1711 1310 661 1410 767 
1711 1638 838 1753 921 
1711 369 683 442 738 
1711 524 615 575 653 
1711 629 592 681 627 
1711 1123 642 1195 683 
1711 949 517 986 552 
1711 941 515 972 547 
1711 560 581 610 615 
1711 1084 536 1112 568 
1711 1021 591 1068 627 
1711 1118 638 1180 676 
1711 804 541 835 561 
1711 795 538 826 560 
1711 1183 507 1219 528 
1711 801 546 829 565 
1711 1051 511 1087 535 
1711 1291 644 1391 734 
1711 843 529 868 547 
1711 849 528 872 545 
1711 837 531 872 552 
1711 738 536 778 558 
1711 1042 514 1077 536 
1711 559 580 610 617 
1711 795 526 821 541 
1741 2 936 175 1056 
1741 541 837 662 944 
1741 1048 696 1123 755 
1741 422 669 488 720 
1741 827 692 896 742 
1741 1185 595 1295 685 
1741 1514 768 1611 838 
1741 568 639 628 683 
1741 496 612 554 653 
1741 1122 660 1176 700 
1741 1422 706 1501 760 
1741 1072 594 1117 624 
1741 862 552 897 581 
1741 1136 506 1168 527 
1741 128 791 246 865 
1741 1143 503 1174 523 
1741 734 510 759 534 
1741 990 556 1028 586 
1741 910 507 939 533 
1741 1041 514 1070 545 
1741 1134 511 1156 531 
1741 867 548 904 577 
1741 751 508 781 532 
1771 742 874 847 968 
1771 394 658 462 714 
1771 232 746 333 826 
1771 447 706 526 765 
1771 1133 856 1244 941 
1771 866 594 903 627 
1771 1019 610 1068 651 
1771 1367 671 1426 721 
1771 1126 555 1221 630 
1771 764 617 816 653 
1771 569 580 624 620 
1771 695 583 753 631 
1771 643 581 691 617 
1771 1086 602 1123 635 
1771 1084 506 1115 526 
1771 956 534 987 560 
1771 800 541 839 566 
1771 897 505 922 524 
1771 954 532 983 554 
1771 1032 556 1078 588 
1771 689 538 722 562 
1771 795 553 834 580 
1771 1304 634 1364 672 
1771 948 504 973 528 
1771 961 523 984 543 
1771 690 532 718 551 
1771 747 536 782 560 
