1 643 463 724 562 
1 1374 793 1545 922 
1 745 540 828 603 
1 1225 482 1294 565 
1 919 308 952 343 
1 1171 432 1230 476 
1 460 463 533 521 
1 559 479 631 529 
1 1012 316 1046 340 
1 1048 340 1099 387 
1 1005 312 1042 334 
1 977 304 1012 331 
1 576 379 624 419 
1 966 304 1002 333 
1 813 351 848 384 
1 807 362 844 388 
1 1272 438 1342 490 
1 911 306 944 334 
1 805 341 840 370 
1 1272 438 1342 489 
1 736 385 777 412 
1 809 332 844 361 
31 596 804 753 952 
31 1522 598 1647 677 
31 505 603 634 757 
31 812 359 849 394 
31 1304 709 1450 827 
31 814 412 855 443 
31 815 350 856 386 
31 1157 412 1203 451 
31 934 298 962 328 
31 1197 389 1243 421 
31 261 574 370 658 
31 635 408 692 451 
31 815 375 854 404 
31 1104 401 1162 468 
31 813 405 849 427 
31 1102 430 1161 473 
31 359 621 467 705 
31 1184 548 1269 620 
31 693 446 749 490 
31 573 352 610 374 
31 496 431 562 481 
31 1106 426 1165 470 
31 748 314 770 330 
31 499 433 563 482 
31 1185 548 1269 619 
31 694 446 749 490 
31 360 620 465 703 
31 1110 391 1175 463 
31 260 572 370 659 
31 881 303 905 322 
31 821 398 860 418 
31 749 305 776 320 
61 1091 452 1150 497 
61 798 409 847 455 
61 1157 535 1233 596 
61 543 485 617 549 
61 1312 723 1491 881 
61 1041 382 1083 417 
61 744 336 780 370 
61 1348 474 1420 522 
61 781 495 849 551 
61 909 297 939 320 
61 351 521 440 591 
61 350 516 442 593 
61 902 298 928 319 
61 595 551 688 627 
61 868 296 891 316 
61 879 297 907 317 
61 964 293 1002 339 
61 531 376 586 405 
61 1113 357 1164 400 
61 595 550 689 627 
61 860 294 881 314 
61 923 300 948 318 
61 618 325 643 340 
61 1116 353 1168 395 
61 776 298 796 317 
61 612 327 638 344 
61 781 496 847 551 
91 687 686 800 788 
91 1 693 158 827 
91 310 812 478 980 
91 1227 405 1284 441 
91 311 643 444 760 
91 1038 393 1082 430 
91 752 490 834 566 
91 1077 439 1140 488 
91 478 406 526 444 
91 1146 528 1243 613 
91 735 370 788 407 
91 926 299 963 331 
91 1083 349 1132 377 
91 865 295 889 312 
91 1076 343 1117 377 
91 715 303 746 321 
91 999 345 1037 381 
91 853 297 874 313 
91 768 329 803 357 
91 1007 339 1048 381 
91 740 358 789 392 
91 1080 337 1114 370 
91 882 299 906 316 
121 1252 670 1372 764 
121 387 458 455 508 
121 635 682 777 821 
121 1603 649 1735 734 
121 569 364 611 394 
121 734 381 783 417 
121 1143 362 1190 395 
121 703 429 763 469 
121 1074 439 1139 494 
121 1035 327 1073 351 
121 960 328 999 355 
121 1030 323 1060 346 
121 1029 385 1074 418 
121 997 363 1029 387 
121 1027 318 1057 339 
121 1006 362 1038 393 
121 728 309 755 329 
151 1302 701 1464 829 
151 1555 749 1717 865 
151 216 543 312 612 
151 700 444 759 491 
151 1661 669 1843 803 
151 634 517 700 577 
151 503 398 560 432 
151 741 376 787 408 
151 1087 340 1119 365 
151 1033 390 1079 428 
151 992 354 1031 383 
151 733 329 773 357 
151 1126 506 1192 557 
151 1016 314 1045 336 
151 733 326 764 351 
151 737 364 784 394 
151 1369 500 1454 555 
151 640 321 674 346 
151 1370 500 1453 554 
151 963 328 993 354 
151 1126 505 1191 558 
151 741 312 766 336 
151 739 338 773 362 
151 1023 312 1052 332 
151 1019 323 1047 346 
151 921 313 959 338 
151 1000 310 1028 333 
181 1638 809 1852 968 
181 440 711 564 818 
181 1304 718 1442 823 
181 1149 513 1236 585 
181 1332 557 1430 628 
181 612 539 705 618 
181 416 445 479 491 
181 1387 502 1486 581 
181 687 419 744 469 
181 0 706 23 780 
181 1243 423 1303 464 
181 1033 322 1067 344 
181 994 356 1033 391 
181 1052 418 1113 458 
181 691 301 721 331 
181 1039 320 1072 340 
181 951 323 991 351 
181 1028 316 1059 339 
181 579 337 610 358 
181 725 367 776 398 
181 742 327 777 351 
181 945 318 984 344 
181 624 341 668 370 
181 932 316 962 337 
181 1049 419 1117 461 
181 736 341 773 361 
211 371 779 550 931 
211 1356 574 1463 660 
211 1686 702 1849 807 
211 1233 465 1297 513 
211 1008 369 1056 406 
211 1138 521 1215 578 
211 1069 426 1132 473 
211 712 399 764 443 
211 1156 378 1203 407 
211 557 515 648 590 
211 748 347 783 374 
211 259 523 350 585 
211 961 331 993 363 
211 1167 379 1217 409 
211 686 323 726 362 
211 968 325 1004 360 
211 589 364 637 402 
211 667 384 713 419 
211 541 361 583 386 
211 749 354 781 379 
211 921 306 951 331 
211 1256 421 1321 479 
211 910 305 943 330 
211 855 297 877 318 
211 696 302 728 324 
211 848 294 869 313 
211 991 302 1016 325 
211 589 366 637 404 
211 1256 422 1321 479 
241 1846 764 1920 874 
241 0 665 82 760 
241 1210 606 1319 701 
241 1219 469 1295 526 
241 1095 347 1135 373 
241 1069 432 1125 471 
241 676 347 724 388 
241 594 447 660 492 
241 471 402 530 437 
241 976 344 1007 368 
241 208 727 394 877 
241 931 315 963 345 
241 651 470 727 532 
241 1164 407 1214 444 
241 1021 377 1073 410 
241 536 403 595 454 
241 1423 534 1509 595 
241 1424 535 1507 594 
241 734 375 790 412 
241 539 398 598 453 
241 974 337 1006 362 
241 735 371 790 412 
271 1604 634 1920 923 
271 431 562 530 639 
271 414 475 492 539 
271 1102 474 1172 530 
271 1291 444 1358 487 
271 1132 406 1187 453 
271 696 440 752 486 
271 1023 380 1062 409 
271 348 467 417 519 
271 1050 333 1080 354 
271 976 346 1020 375 
271 646 379 709 430 
271 519 598 636 702 
271 1482 550 1616 652 
271 1546 1011 1729 1068 
271 1115 350 1154 383 
271 1116 358 1166 390 
271 1485 547 1612 648 
271 697 313 733 350 
271 971 345 1003 371 
271 908 300 934 324 
271 856 298 880 315 
271 1112 341 1147 371 
271 956 334 995 359 
271 1122 380 1180 413 
271 517 598 637 701 
271 944 333 970 349 
271 1038 329 1064 357 
271 1027 376 1067 399 
301 1274 451 1449 608 
301 71 591 211 672 
301 594 550 684 622 
301 1046 405 1094 446 
301 161 577 307 708 
301 979 349 1019 375 
301 1204 603 1301 689 
301 0 868 163 1034 
301 1055 326 1087 351 
301 592 411 673 487 
301 940 325 971 347 
301 626 344 676 374 
301 106 1006 305 1070 
301 1200 394 1258 432 
301 1087 356 1132 389 
301 949 324 986 351 
301 977 348 1006 371 
301 997 308 1022 334 
301 987 342 1020 362 
301 1201 394 1259 431 
301 1045 325 1081 348 
301 652 301 687 322 
301 591 408 672 487 
301 896 304 919 321 
301 698 329 733 362 
301 855 296 878 313 
301 890 301 910 319 
301 906 304 926 322 
301 845 294 869 311 
301 934 315 958 336 
301 1086 357 1132 399 
301 875 298 894 316 
331 1042 615 1143 700 
331 286 833 464 985 
331 1157 387 1255 482 
331 487 470 601 574 
331 497 391 551 425 
331 589 373 643 408 
331 1256 671 1387 766 
331 1130 359 1165 384 
331 585 327 620 354 
331 1104 473 1161 523 
331 747 374 779 399 
331 675 358 719 401 
331 939 324 970 344 
331 999 363 1035 395 
331 1245 398 1292 445 
331 636 309 671 330 
331 1246 400 1291 444 
331 955 309 983 330 
331 692 328 727 351 
331 905 311 932 329 
331 649 308 678 329 
331 997 363 1037 396 
331 593 320 624 338 
331 676 354 720 401 
331 1045 331 1080 364 
331 916 310 937 329 
331 951 325 985 344 
331 893 304 923 321 
331 890 304 911 322 
331 852 295 879 313 
331 630 313 663 332 
331 1006 358 1044 393 
331 1257 671 1383 763 
331 1045 330 1081 364 
361 286 580 469 734 
361 1076 335 1151 410 
361 1133 504 1200 549 
361 414 437 476 486 
361 994 464 1044 510 
361 1010 325 1043 349 
361 629 388 696 452 
361 556 356 605 381 
361 1165 359 1215 403 
361 691 341 731 364 
361 637 323 671 352 
361 1045 401 1092 442 
361 917 307 943 328 
361 962 336 997 364 
361 629 327 665 354 
361 716 415 769 453 
361 535 412 592 458 
361 1006 319 1043 340 
361 1003 328 1034 353 
361 920 304 949 323 
361 1161 359 1213 404 
361 1041 402 1088 442 
361 717 413 771 453 
361 588 304 616 323 
361 538 411 594 458 
361 961 335 996 364 
361 680 286 712 305 
391 1698 723 1869 831 
391 1306 716 1453 828 
391 1081 717 1191 804 
391 654 497 727 553 
391 426 482 509 547 
391 958 398 994 425 
391 684 368 725 395 
391 549 445 637 530 
391 254 510 344 579 
391 618 346 666 379 
391 519 382 564 415 
391 1054 412 1112 452 
391 694 293 723 315 
391 1024 314 1076 364 
391 926 313 960 340 
391 1099 334 1152 372 
391 917 311 945 335 
391 1096 337 1148 373 
391 932 312 968 337 
391 696 289 725 309 
391 1058 415 1117 452 
391 889 304 906 320 
391 594 305 617 324 
391 908 305 939 325 
391 966 307 1005 334 
391 890 301 911 318 
391 897 301 921 318 
421 1673 821 1886 980 
421 1411 538 1502 596 
421 1002 513 1064 558 
421 1007 369 1046 396 
421 450 420 507 462 
421 498 666 616 768 
421 388 552 517 669 
421 1144 519 1217 578 
421 582 374 631 413 
421 192 593 333 699 
421 648 403 700 438 
421 701 291 728 315 
421 371 517 464 587 
421 981 299 1023 354 
421 1053 326 1095 352 
421 927 355 957 377 
421 699 289 729 308 
421 0 655 78 746 
421 628 343 671 370 
451 325 485 401 541 
451 1636 661 1780 753 
451 581 459 644 510 
451 1068 425 1124 465 
451 6 779 230 1023 
451 1341 562 1453 639 
451 967 342 993 361 
451 1279 443 1345 486 
451 894 322 931 345 
451 15 704 174 820 
451 965 422 1003 451 
451 511 415 584 467 
451 971 337 1004 358 
451 977 421 1014 451 
451 720 297 751 318 
451 886 322 914 343 
451 866 297 886 315 
451 601 380 650 403 
451 870 294 894 312 
451 560 355 606 381 
451 1022 311 1047 334 
451 717 290 748 309 
451 880 302 907 320 
451 552 357 593 380 
451 694 326 727 344 
451 867 301 884 321 
451 1015 308 1041 333 
481 1558 616 1680 695 
481 1376 618 1492 705 
481 1291 673 1424 796 
481 380 488 474 562 
481 87 595 210 672 
481 435 562 536 641 
481 1183 389 1237 423 
481 945 371 988 396 
481 1419 521 1498 583 
481 509 386 555 419 
481 943 366 978 393 
481 556 409 611 449 
481 1047 299 1078 320 
481 691 341 723 362 
481 1018 372 1062 405 
481 1044 297 1065 318 
481 933 319 963 343 
481 926 318 946 339 
481 732 303 761 322 
481 739 305 765 324 
481 635 304 667 325 
481 929 310 955 336 
481 1216 457 1280 504 
481 1210 451 1276 507 
481 857 303 877 323 
481 876 307 895 327 
481 869 309 883 328 
481 853 300 870 319 
511 1128 506 1210 570 
511 1230 486 1294 535 
511 462 474 529 524 
511 520 376 567 406 
511 1344 765 1499 893 
511 978 345 1014 367 
511 1382 497 1457 551 
511 682 373 718 393 
511 1295 443 1360 487 
511 77 792 267 941 
511 1118 356 1163 384 
511 740 317 771 344 
511 424 433 482 478 
511 1117 355 1151 379 
511 642 316 675 343 
511 914 338 940 355 
511 106 626 270 749 
511 102 625 273 747 
511 735 321 767 348 
511 919 331 942 353 
511 924 346 952 362 
511 1128 393 1184 431 
511 678 371 710 390 
511 630 308 660 333 
511 1126 392 1180 427 
511 614 309 642 329 
511 642 308 674 334 
541 1274 434 1334 474 
541 1323 716 1470 841 
541 261 579 379 661 
541 254 513 337 571 
541 1152 540 1237 601 
541 642 405 690 436 
541 1056 419 1115 467 
541 1065 343 1116 388 
541 453 416 503 455 
541 937 324 970 348 
541 1141 409 1192 449 
541 741 336 778 372 
541 640 322 689 365 
541 1213 394 1259 428 
541 786 303 810 323 
541 660 285 689 309 
541 1094 621 1319 865 
541 1210 393 1257 429 
541 666 289 697 313 
541 785 295 806 315 
541 1054 409 1111 456 
541 702 293 729 313 
571 575 462 633 511 
571 323 476 399 530 
571 729 348 781 410 
571 1151 519 1236 591 
571 1200 394 1253 426 
571 0 663 40 744 
571 1077 369 1113 399 
571 1271 675 1404 772 
571 800 324 837 352 
571 1008 367 1046 406 
571 1148 359 1191 392 
571 904 304 933 328 
571 1018 308 1053 358 
571 620 349 669 386 
571 1062 369 1110 403 
571 586 326 619 347 
571 701 294 730 317 
571 620 347 670 386 
571 1027 311 1060 352 
571 598 320 633 348 
571 1265 678 1404 772 
571 1006 456 1130 627 
571 592 328 626 352 
601 83 590 197 659 
601 435 567 528 639 
601 1130 509 1207 564 
601 813 347 855 382 
601 970 375 1057 497 
601 1076 426 1140 480 
601 1459 643 1586 750 
601 1147 361 1190 389 
601 1103 344 1133 369 
601 812 340 853 372 
601 687 401 755 473 
601 770 301 792 321 
601 774 297 795 316 
601 572 382 635 426 
601 778 305 798 321 
601 1032 344 1063 366 
601 587 329 631 365 
601 768 292 786 308 
601 710 303 736 325 
601 574 380 635 423 
601 780 291 799 309 
601 713 308 740 328 
601 588 341 638 376 
601 555 360 588 378 
601 705 314 736 342 
601 688 402 755 471 
601 1097 338 1127 364 
631 1273 675 1417 797 
631 79 786 258 929 
631 606 479 701 589 
631 1069 425 1114 459 
631 1097 340 1132 364 
631 1025 376 1079 415 
631 799 386 858 436 
631 932 300 964 332 
631 506 387 566 428 
631 780 315 810 341 
631 1288 514 1363 577 
631 498 433 574 487 
631 947 335 1012 423 
631 1280 514 1366 579 
631 494 433 571 488 
631 984 306 1017 326 
631 1060 330 1092 354 
631 732 305 756 322 
631 925 302 952 334 
631 1084 335 1119 357 
631 854 294 875 310 
661 1711 845 1915 987 
661 1437 658 1568 749 
661 1652 682 1801 783 
661 1125 501 1203 565 
661 481 455 542 504 
661 673 371 724 400 
661 527 373 578 414 
661 1185 438 1243 485 
661 769 449 853 536 
661 1052 327 1083 347 
661 426 432 490 482 
661 622 315 673 359 
661 388 652 569 868 
661 353 532 440 591 
661 927 314 973 380 
661 743 322 776 350 
661 1045 322 1074 339 
661 1012 370 1062 402 
661 365 501 466 571 
661 572 349 618 376 
661 792 329 820 353 
661 733 322 764 353 
661 1016 374 1077 405 
661 362 506 468 575 
661 390 658 562 865 
661 903 291 919 327 
661 353 516 448 586 
661 1032 318 1055 333 
691 1583 764 1772 896 
691 620 423 678 465 
691 1419 533 1506 592 
691 38 637 229 791 
691 330 545 422 612 
691 1252 511 1328 569 
691 695 601 822 745 
691 267 518 353 576 
691 452 414 519 464 
691 165 637 268 710 
691 806 358 844 387 
691 610 333 662 389 
691 1368 589 1474 665 
691 1055 419 1110 459 
691 741 352 779 379 
691 1121 394 1172 428 
691 893 300 939 356 
691 974 348 1019 373 
691 530 376 587 407 
691 953 329 993 361 
691 1052 608 1159 707 
691 1051 609 1159 708 
691 932 313 971 356 
691 1020 312 1045 331 
691 688 297 715 320 
721 1 718 155 834 
721 1329 563 1433 636 
721 1164 435 1223 476 
721 857 286 909 337 
721 311 475 405 546 
721 488 538 572 602 
721 1599 648 1738 737 
721 722 397 773 435 
721 1220 479 1289 529 
721 467 410 522 448 
721 1052 300 1085 322 
721 801 406 850 442 
721 565 361 625 431 
721 991 463 1056 519 
721 939 318 977 345 
721 929 319 966 345 
721 1303 452 1354 488 
721 1074 362 1112 392 
721 1297 452 1353 492 
721 975 301 1015 326 
721 786 313 806 328 
721 692 309 717 330 
721 1005 371 1049 401 
721 787 323 813 341 
721 763 304 787 321 
721 1281 455 1316 485 
721 1158 430 1214 466 
721 1005 369 1051 402 
721 1073 360 1113 393 
721 788 308 815 326 
721 763 308 781 322 
721 965 304 1005 331 
751 1666 636 1804 773 
751 1430 665 1545 744 
751 349 480 418 529 
751 1696 654 1892 834 
751 7 861 218 1029 
751 649 477 722 537 
751 556 357 600 390 
751 802 342 835 364 
751 1389 512 1475 574 
751 801 335 832 360 
751 1770 931 1920 1063 
751 478 401 563 503 
751 966 340 998 361 
751 36 597 190 701 
751 1097 387 1142 423 
751 773 479 842 533 
751 967 345 1002 366 
751 800 345 826 363 
751 1035 340 1070 367 
751 953 389 1011 434 
751 699 324 729 348 
751 1213 465 1279 509 
751 795 337 823 357 
751 40 597 189 697 
751 1216 469 1281 512 
751 1135 417 1182 452 
751 774 481 846 537 
751 697 317 720 336 
751 698 312 725 330 
751 1210 398 1261 432 
751 475 399 563 502 
781 1378 604 1498 692 
781 289 477 436 633 
781 104 591 222 665 
781 1246 513 1322 562 
781 500 392 552 432 
781 1415 491 1552 604 
781 1135 410 1194 445 
781 701 635 806 727 
781 461 654 589 770 
781 1273 436 1338 479 
781 932 332 970 380 
781 809 368 845 396 
781 1002 325 1031 351 
781 1057 365 1091 394 
781 743 326 777 349 
781 1059 369 1101 400 
781 634 297 662 314 
781 746 333 777 352 
781 932 323 964 367 
781 804 346 835 367 
781 1142 360 1184 398 
781 825 288 864 320 
781 798 333 835 358 
781 881 301 911 320 
781 623 297 650 315 
781 1138 384 1184 413 
781 897 304 924 320 
781 696 329 726 362 
811 1689 673 1848 790 
811 1300 420 1392 505 
811 796 424 846 462 
811 1229 485 1306 542 
811 1155 435 1218 473 
811 404 441 469 495 
811 1187 388 1234 421 
811 1458 670 1590 781 
811 739 343 779 369 
811 698 328 726 361 
811 973 314 999 335 
811 808 368 854 409 
811 1011 337 1050 372 
811 688 347 722 377 
811 1152 430 1207 464 
811 745 336 785 362 
811 1008 339 1046 371 
811 674 364 714 392 
811 665 377 710 413 
811 666 376 711 414 
811 1085 348 1137 395 
841 1600 651 1741 742 
841 755 511 829 575 
841 607 421 667 471 
841 796 419 856 470 
841 1429 521 1517 592 
841 217 527 319 599 
841 1262 513 1346 578 
841 1094 381 1142 414 
841 963 325 1005 354 
841 1127 358 1163 386 
841 1036 337 1078 367 
841 826 361 863 390 
841 1206 375 1275 444 
841 671 381 709 408 
841 1208 377 1274 441 
841 821 354 853 385 
841 735 372 787 410 
841 1071 303 1103 322 
871 1591 642 1725 727 
871 613 716 750 843 
871 1090 378 1135 411 
871 824 404 868 433 
871 628 415 685 460 
871 995 323 1032 348 
871 509 498 584 567 
871 1149 348 1201 400 
871 1054 355 1094 380 
871 765 513 845 588 
871 1165 432 1226 480 
871 929 309 963 337 
871 1076 341 1112 366 
871 744 317 779 346 
871 707 434 760 473 
871 1303 440 1367 490 
871 1080 352 1122 384 
871 1388 510 1479 574 
871 1387 510 1478 574 
871 1303 441 1366 491 
871 1093 371 1145 407 
871 705 430 756 473 
871 748 312 782 335 
871 819 407 853 432 
871 1076 365 1116 391 
871 1010 308 1038 332 
901 1711 707 1890 829 
901 649 722 801 870 
901 281 636 419 750 
901 1096 330 1144 372 
901 1098 387 1149 424 
901 1214 392 1263 428 
901 541 485 616 549 
901 803 476 866 523 
901 624 521 704 587 
901 1390 507 1479 569 
901 668 391 722 427 
901 803 408 848 445 
901 964 308 999 336 
901 1026 333 1074 370 
901 1277 437 1337 485 
901 744 333 783 369 
901 893 300 926 324 
901 970 298 1012 325 
901 968 301 1005 330 
901 960 303 991 332 
901 632 348 672 372 
901 899 298 931 324 
901 903 299 935 324 
901 812 413 857 447 
901 1278 438 1339 484 
901 719 295 750 315 
901 800 328 827 351 
901 946 306 970 329 
931 734 619 831 707 
931 419 724 562 844 
931 1421 538 1526 609 
931 601 449 665 495 
931 365 607 485 707 
931 785 485 850 537 
931 995 320 1036 350 
931 739 372 780 406 
931 1200 396 1250 431 
931 1153 356 1193 390 
931 594 381 637 412 
931 930 304 959 325 
931 811 352 848 383 
931 1050 339 1094 379 
931 937 303 964 324 
931 1049 315 1096 375 
931 1277 436 1352 480 
931 1048 311 1097 357 
931 912 302 937 322 
931 1047 319 1098 374 
931 1270 433 1332 477 
931 1056 314 1101 361 
931 802 330 840 357 
931 854 294 877 312 
931 989 316 1026 341 
931 977 314 1003 336 
961 1298 449 1363 500 
961 1201 396 1251 428 
961 1475 658 1616 789 
961 534 424 589 462 
961 704 418 763 464 
961 708 632 813 723 
961 476 545 567 614 
961 811 406 848 438 
961 1141 362 1185 389 
961 816 404 854 430 
961 1096 337 1133 365 
961 1009 310 1057 354 
961 965 311 999 337 
961 812 359 845 389 
961 764 310 791 330 
961 756 319 784 340 
961 816 400 848 422 
961 1106 339 1140 369 
961 776 310 796 328 
961 1482 662 1615 786 
961 762 309 782 327 
961 2 942 80 1060 
961 838 295 856 313 
961 1012 306 1056 354 
991 1748 737 1917 855 
991 1215 395 1266 434 
991 408 504 485 556 
991 1145 363 1183 390 
991 815 396 863 431 
991 979 295 1021 335 
991 163 755 340 894 
991 630 497 712 568 
991 1052 325 1084 352 
991 1267 502 1356 577 
991 806 328 834 349 
991 792 479 850 525 
991 1087 336 1131 365 
991 797 327 821 349 
991 753 338 780 360 
991 1086 332 1121 359 
991 795 481 855 528 
991 620 299 647 318 
991 926 303 952 326 
991 632 497 716 570 
991 1274 503 1357 580 
991 622 296 655 316 
991 913 302 939 322 
991 733 297 757 317 
1021 1346 608 1458 691 
1021 1448 560 1557 628 
1021 132 651 272 738 
1021 793 470 856 521 
1021 1169 417 1234 476 
1021 442 660 590 805 
1021 1155 364 1199 397 
1021 735 629 827 719 
1021 1087 341 1124 366 
1021 816 355 846 380 
1021 1026 318 1055 340 
1021 1020 314 1044 336 
1021 805 335 835 362 
1021 804 343 835 369 
1021 622 301 649 321 
1021 796 334 821 356 
1021 732 626 825 721 
1021 626 298 659 319 
1021 1152 363 1194 396 
1021 757 305 779 327 
1021 1011 309 1034 331 
1051 1627 652 1768 746 
1051 1493 715 1648 827 
1051 720 621 823 710 
1051 1230 633 1338 717 
1051 810 351 844 382 
1051 1333 466 1395 514 
1051 804 348 836 372 
1051 815 398 851 428 
1051 921 291 949 319 
1051 1092 714 1247 854 
1051 1038 322 1075 343 
1051 728 394 775 436 
1051 1030 320 1069 342 
1051 808 339 844 363 
1051 1105 340 1139 366 
1051 800 351 828 380 
1051 1159 466 1232 516 
1051 928 291 957 317 
1051 1163 461 1237 516 
1051 1099 370 1144 414 
1051 753 323 782 348 
1051 781 306 803 329 
1051 1100 335 1136 359 
1051 852 295 877 312 
1051 919 288 941 312 
1051 914 293 935 316 
1051 621 306 652 329 
1081 1632 653 1782 759 
1081 1009 504 1089 580 
1081 797 466 851 510 
1081 802 387 848 433 
1081 1834 959 1920 1064 
1081 684 347 723 379 
1081 1236 412 1291 448 
1081 1277 525 1355 586 
1081 1048 334 1086 378 
1081 1108 480 1174 525 
1081 681 461 737 515 
1081 1064 394 1120 434 
1081 800 321 830 349 
1081 1414 517 1493 579 
1081 630 316 663 339 
1081 795 327 823 354 
1081 748 345 782 373 
1081 798 401 843 437 
1081 1414 515 1493 578 
1081 751 340 785 366 
1081 745 340 786 375 
1111 1388 503 1479 569 
1111 1395 615 1516 699 
1111 976 419 1030 464 
1111 731 609 821 685 
1111 805 338 842 367 
1111 569 582 655 655 
1111 1170 374 1220 406 
1111 772 451 838 515 
1111 1055 404 1104 441 
1111 662 382 709 418 
1111 739 369 778 406 
1111 1167 435 1226 474 
1111 996 335 1034 380 
1111 1289 444 1346 484 
1111 997 320 1038 359 
1111 984 304 1009 329 
1111 977 297 1005 319 
1111 1285 445 1345 484 
1111 1049 398 1090 433 
1141 1685 715 1850 818 
1141 267 854 439 1019 
1141 1273 430 1325 478 
1141 1196 399 1248 431 
1141 1231 482 1305 537 
1141 603 428 666 483 
1141 1485 888 1825 1059 
1141 699 409 749 453 
1141 803 367 847 404 
1141 617 346 669 381 
1141 1090 380 1138 412 
1141 696 578 798 684 
1141 1114 348 1156 371 
1141 1105 349 1148 378 
1141 954 310 992 350 
1141 949 371 987 403 
1141 972 301 999 331 
1141 1110 358 1157 382 
1141 962 303 992 336 
1141 944 312 979 348 
1141 982 300 1010 326 
1141 753 332 783 361 
1141 752 325 787 356 
1141 951 368 992 403 
1141 1011 359 1040 385 
1141 762 326 799 354 
1141 885 292 903 310 
1171 480 932 671 1058 
1171 1192 571 1316 673 
1171 741 370 781 404 
1171 793 418 854 472 
1171 1135 362 1175 389 
1171 486 516 581 595 
1171 1040 338 1087 376 
1171 1190 390 1235 417 
1171 1416 538 1507 593 
1171 596 365 648 403 
1171 1150 412 1209 453 
1171 613 479 679 535 
1171 1430 536 1511 592 
1171 612 480 680 537 
1171 684 334 724 369 
1171 927 338 959 366 
1171 740 360 785 396 
1171 923 334 951 367 
1171 773 328 813 356 
1171 591 364 645 403 
1171 716 286 755 325 
1171 683 332 725 374 
1171 1420 538 1467 584 
1171 911 301 941 326 
1171 874 290 893 306 
1171 856 291 877 307 
1171 1131 358 1168 385 
1171 923 300 950 327 
1171 1183 389 1219 415 
1201 1464 901 1819 1063 
1201 1814 956 1917 1063 
1201 745 517 835 598 
1201 1129 356 1174 384 
1201 425 590 545 688 
1201 721 412 768 456 
1201 1286 441 1346 483 
1201 1639 641 1820 789 
1201 1082 444 1157 506 
1201 153 705 341 860 
1201 1449 306 1503 330 
1201 548 397 613 446 
1201 1084 351 1135 400 
1201 666 366 716 405 
1201 1464 915 1742 1038 
1201 1083 448 1163 508 
1201 738 290 777 332 
1201 1640 639 1824 783 
1201 746 379 799 412 
1201 547 395 614 446 
1201 1003 324 1046 348 
1201 1081 350 1132 397 
1231 1820 767 1919 889 
1231 1368 594 1482 682 
1231 1027 386 1080 432 
1231 658 486 726 550 
1231 1189 393 1248 426 
1231 1180 568 1285 657 
1231 742 309 786 355 
1231 630 399 697 450 
1231 781 376 828 410 
1231 1029 331 1071 367 
1231 4 889 177 1043 
1231 1391 496 1502 585 
1231 723 420 780 460 
1231 1082 330 1119 366 
1231 773 384 817 416 
1231 608 744 772 924 
1231 469 446 546 507 
1231 965 310 1013 336 
1231 677 302 732 384 
1231 530 378 580 405 
1231 469 444 551 508 
1231 605 750 771 921 
1231 964 307 1016 336 
1231 1064 331 1114 369 
1261 1475 557 1596 640 
1261 1269 422 1350 483 
1261 510 622 629 733 
1261 823 411 862 439 
1261 743 426 800 467 
1261 989 344 1033 383 
1261 323 517 422 604 
1261 744 334 793 381 
1261 657 323 717 413 
1261 563 446 648 519 
1261 1123 354 1167 381 
1261 1035 315 1065 340 
1261 1075 446 1149 500 
1261 1208 467 1275 522 
1261 605 318 633 336 
1261 474 411 522 449 
1261 816 407 856 431 
1261 606 313 638 334 
1261 393 511 466 569 
1261 369 512 450 570 
1261 607 324 638 343 
1261 595 316 618 333 
1261 654 490 732 557 
1261 991 322 1030 349 
1261 985 338 1025 367 
1261 572 358 606 378 
1261 1068 448 1145 503 
1261 806 325 829 347 
1291 1539 596 1666 688 
1291 1329 465 1404 520 
1291 812 484 876 533 
1291 427 531 549 642 
1291 369 471 436 523 
1291 499 656 616 755 
1291 675 512 756 578 
1291 146 625 272 707 
1291 46 636 239 778 
1291 946 315 988 353 
1291 810 342 839 365 
1291 617 348 688 461 
1291 1118 399 1172 438 
1291 995 303 1028 328 
1291 40 640 231 784 
1291 1024 382 1069 424 
1291 526 380 578 412 
1291 592 326 627 352 
1291 729 346 787 422 
1291 583 331 618 354 
1291 1020 381 1070 421 
1291 1190 380 1247 426 
1321 489 693 627 808 
1321 525 393 642 545 
1321 129 716 350 895 
1321 457 420 515 461 
1321 744 663 847 753 
1321 1357 479 1433 539 
1321 814 373 853 403 
1321 1230 406 1292 450 
1321 908 307 941 334 
1321 1131 349 1172 383 
1321 186 570 288 642 
1321 185 683 378 820 
1321 696 415 759 489 
1321 978 345 1023 379 
1321 556 354 587 380 
1321 651 386 694 416 
1321 979 344 1017 378 
1321 186 566 291 644 
1321 753 326 784 347 
1321 692 419 758 486 
1321 1058 356 1104 389 
1351 347 482 529 687 
1351 803 420 857 458 
1351 1161 368 1209 403 
1351 609 468 710 610 
1351 552 408 602 449 
1351 599 429 658 469 
1351 949 323 988 353 
1351 1080 329 1115 360 
1351 516 378 558 408 
1351 943 318 980 351 
1351 875 298 906 321 
1351 753 352 785 379 
1351 747 347 781 372 
1351 812 348 844 377 
1351 1243 414 1300 458 
1351 1012 331 1048 362 
1351 1244 413 1299 458 
1351 586 376 637 425 
1351 927 306 956 329 
1351 594 378 644 419 
1351 1452 311 1498 333 
1381 131 584 229 640 
1381 13 617 274 1041 
1381 381 684 567 889 
1381 1036 316 1068 344 
1381 532 416 598 460 
1381 766 504 845 560 
1381 970 312 1005 343 
1381 511 507 588 557 
1381 905 308 938 334 
1381 1165 375 1213 412 
1381 1108 344 1150 373 
1381 456 461 534 522 
1381 447 413 500 455 
1381 810 381 854 412 
1381 913 306 946 334 
1381 798 335 840 366 
1381 738 380 782 411 
1381 803 354 844 383 
1381 612 303 634 324 
1411 324 637 450 725 
1411 681 670 797 768 
1411 326 472 399 532 
1411 279 560 390 646 
1411 430 475 520 541 
1411 1250 615 1366 719 
1411 801 377 845 416 
1411 810 442 858 479 
1411 1117 350 1153 380 
1411 992 301 1026 330 
1411 797 330 832 359 
1411 608 307 632 329 
1411 699 321 734 346 
1411 708 424 759 468 
1411 548 407 614 466 
1411 544 407 612 469 
1411 740 341 784 381 
1411 923 299 955 327 
1411 713 425 764 469 
1411 795 382 832 415 
1411 925 303 956 327 
1411 1064 327 1096 353 
1411 706 318 740 339 
1411 609 351 658 389 
1411 595 307 617 327 
1411 879 301 904 321 
1411 608 351 660 387 
1441 1739 907 1920 1061 
1441 2 761 51 879 
1441 639 509 709 570 
1441 92 584 203 666 
1441 1122 483 1197 549 
1441 786 426 846 479 
1441 1025 319 1062 342 
1441 492 449 554 494 
1441 805 347 841 385 
1441 416 486 508 558 
1441 1304 717 1443 829 
1441 1753 694 1916 860 
1441 570 391 624 433 
1441 222 574 356 680 
1441 720 381 773 426 
1441 897 300 924 318 
1441 753 542 838 616 
1441 905 300 930 318 
1441 794 347 831 384 
1441 753 543 835 618 
1441 722 383 774 428 
1441 688 338 726 365 
1441 966 297 1000 321 
1441 221 576 359 681 
1441 846 298 874 314 
1441 886 297 909 314 
1471 1454 519 1564 617 
1471 1343 580 1455 663 
1471 469 676 592 778 
1471 744 528 829 611 
1471 350 532 440 598 
1471 159 588 315 721 
1471 1122 512 1199 568 
1471 799 398 850 437 
1471 812 365 848 392 
1471 817 357 853 388 
1471 734 362 776 396 
1471 1058 409 1116 459 
1471 668 364 709 394 
1471 928 298 957 320 
1471 684 295 720 314 
1471 598 795 759 963 
1471 493 438 572 495 
1471 675 358 718 391 
1471 679 443 742 497 
1471 499 438 573 493 
1471 599 792 760 964 
1471 678 444 742 497 
1471 1029 315 1061 344 
1471 595 389 640 416 
1471 808 384 850 417 
1471 685 291 716 311 
1501 1649 673 1807 773 
1501 44 690 190 797 
1501 1313 431 1395 504 
1501 610 770 768 942 
1501 496 393 545 432 
1501 811 406 861 440 
1501 628 403 682 444 
1501 1011 368 1055 409 
1501 537 426 598 470 
1501 1020 416 1078 461 
1501 585 535 678 625 
1501 720 402 764 445 
1501 353 514 461 598 
1501 669 387 714 422 
1501 1195 456 1269 515 
1501 781 459 845 513 
1501 843 291 875 310 
1501 1200 455 1269 510 
1501 807 404 850 434 
1501 549 347 603 390 
1501 355 513 463 596 
1501 900 290 925 309 
1501 782 462 843 513 
1501 716 394 757 438 
1501 892 288 914 307 
1501 550 350 602 389 
1501 851 290 879 306 
1531 1466 684 1612 797 
1531 44 655 230 801 
1531 775 472 844 525 
1531 396 444 459 495 
1531 562 464 627 513 
1531 1217 387 1284 437 
1531 431 500 496 552 
1531 725 584 818 666 
1531 1409 518 1488 584 
1531 354 749 524 923 
1531 672 471 739 524 
1531 551 358 594 386 
1531 1116 395 1169 436 
1531 978 342 1013 366 
1531 617 445 669 482 
1531 498 377 554 429 
1531 985 333 1019 360 
1531 962 361 999 396 
1531 701 306 733 330 
1531 607 450 659 486 
1531 497 375 554 430 
1531 1394 518 1448 570 
1531 969 347 1012 382 
1531 351 749 529 921 
1531 614 448 668 485 
1531 1110 396 1169 436 
1531 672 471 739 524 
1531 904 295 924 311 
1561 1216 632 1320 719 
1561 417 562 521 636 
1561 204 623 320 699 
1561 700 606 798 696 
1561 1256 511 1338 579 
1561 1151 355 1196 396 
1561 198 528 298 604 
1561 506 525 587 586 
1561 1054 354 1092 387 
1561 1285 440 1339 483 
1561 508 383 551 417 
1561 549 589 656 685 
1561 697 324 728 350 
1561 704 322 735 347 
1561 410 418 482 481 
1561 572 348 604 369 
1561 575 351 608 373 
1561 942 332 973 358 
1561 575 344 609 362 
1561 946 325 976 356 
1561 921 328 944 359 
1561 937 333 965 360 
1561 413 419 484 486 
1561 715 319 747 343 
1561 980 298 1001 315 
1561 714 308 742 333 
1561 937 331 967 363 
1561 726 308 754 330 
1561 631 305 671 327 
1561 512 379 557 410 
1591 292 680 425 780 
1591 1561 708 1749 824 
1591 89 749 281 881 
1591 437 424 486 464 
1591 1098 487 1162 536 
1591 1199 392 1248 423 
1591 687 345 722 374 
1591 1525 603 1627 674 
1591 1547 619 1634 679 
1591 590 322 617 347 
1591 907 309 937 334 
1591 1004 331 1044 360 
1591 238 488 345 576 
1591 1150 428 1213 476 
1591 1092 330 1136 366 
1591 593 317 619 335 
1591 1512 590 1623 671 
1591 597 318 623 340 
1591 736 313 766 338 
1591 539 369 579 399 
1591 681 338 722 364 
1591 1154 429 1214 476 
1591 237 486 347 580 
1591 730 318 767 344 
1591 727 316 763 349 
1591 1091 332 1134 367 
1591 539 367 580 401 
1621 1320 747 1477 870 
1621 310 485 383 541 
1621 967 316 1000 338 
1621 1277 514 1362 578 
1621 1327 467 1400 525 
1621 671 369 720 405 
1621 564 346 599 371 
1621 485 399 534 436 
1621 1094 374 1135 412 
1621 1039 406 1088 444 
1621 1136 360 1174 386 
1621 1048 303 1075 348 
1621 0 606 54 755 
1621 647 325 685 366 
1621 556 352 587 375 
1621 749 334 780 361 
1621 741 332 775 362 
1621 570 341 605 364 
1621 742 334 773 359 
1621 593 308 616 325 
1621 895 296 907 321 
1621 611 307 638 325 
1621 887 294 898 321 
1621 1045 313 1082 352 
1651 66 593 180 671 
1651 1144 423 1209 464 
1651 1147 537 1226 598 
1651 746 355 785 386 
1651 401 442 460 492 
1651 514 377 561 408 
1651 1219 402 1277 444 
1651 624 413 678 457 
1651 1794 738 1920 912 
1651 1047 347 1084 377 
1651 1052 343 1103 373 
1651 740 297 763 318 
1651 1154 922 1364 1041 
1651 745 303 765 321 
1651 1162 918 1360 1043 
1651 932 306 958 326 
1651 1162 914 1493 1057 
1651 695 307 723 325 
1651 996 361 1034 395 
1651 1789 737 1920 914 
1651 697 313 719 330 
1651 1178 918 1480 1057 
1651 697 325 728 352 
1651 1065 338 1114 367 
1651 736 293 758 308 
1651 998 361 1031 394 
1651 608 324 628 338 
1681 1817 775 1915 892 
1681 264 511 345 573 
1681 560 357 642 438 
1681 1073 370 1117 400 
1681 448 420 501 459 
1681 1428 520 1544 620 
1681 1013 559 1096 629 
1681 1071 437 1127 480 
1681 1340 743 1509 885 
1681 1079 368 1129 402 
1681 530 472 615 547 
1681 1475 669 1646 801 
1681 751 309 783 328 
1681 1149 367 1197 398 
1681 1467 309 1519 335 
1681 894 302 918 318 
1681 905 299 928 317 
1681 690 335 729 373 
1681 1144 365 1195 397 
1681 1480 665 1651 802 
1681 1465 309 1513 333 
1681 696 290 716 308 
1681 689 333 729 376 
1681 849 295 872 313 
1681 995 332 1035 357 
1681 736 398 779 436 
1681 700 292 721 306 
1681 835 294 856 313 
1711 2 627 118 718 
1711 1150 532 1240 608 
1711 310 485 387 543 
1711 1456 546 1544 613 
1711 469 413 561 506 
1711 1026 338 1063 363 
1711 1256 498 1343 570 
1711 975 437 1026 478 
1711 1091 343 1126 366 
1711 1273 427 1352 493 
1711 679 474 736 527 
1711 1025 380 1065 417 
1711 585 337 619 359 
1711 756 330 787 351 
1711 334 597 482 722 
1711 923 307 965 340 
1711 336 597 481 723 
1711 527 375 569 400 
1711 673 372 721 413 
1711 673 374 720 413 
1711 974 303 1022 333 
1711 597 328 628 353 
1711 917 308 949 336 
1741 32 618 160 698 
1741 1069 441 1132 491 
1741 1222 629 1334 711 
1741 1039 316 1071 347 
1741 306 483 439 614 
1741 458 410 511 451 
1741 945 376 986 406 
1741 1185 374 1233 414 
1741 621 413 681 466 
1741 554 359 594 386 
1741 1155 417 1212 465 
1741 981 336 1015 366 
1741 773 338 804 362 
1741 982 328 1017 358 
1741 782 335 812 360 
1741 922 302 952 323 
1741 546 598 649 703 
1741 399 539 446 592 
1741 913 299 941 323 
1741 1304 446 1360 489 
1741 1036 312 1065 338 
1741 933 303 961 323 
1741 1303 448 1361 491 
1741 977 324 1007 349 
1741 546 598 649 702 
1741 367 465 484 565 
1741 559 355 600 383 
1741 586 334 624 356 
1741 761 354 788 377 
1741 748 349 780 373 
1741 884 305 908 325 
1741 322 468 462 594 
1771 1410 627 1519 708 
1771 6 601 239 811 
1771 340 477 410 531 
1771 0 619 166 834 
1771 54 562 306 716 
1771 777 356 813 383 
1771 1086 475 1151 521 
1771 771 362 808 385 
1771 635 405 693 452 
1771 1197 390 1250 425 
1771 728 390 773 426 
1771 529 472 615 554 
1771 512 389 558 421 
1771 1024 385 1068 423 
1771 995 304 1024 329 
1771 946 324 985 353 
1771 766 356 802 383 
1771 1084 362 1133 402 
1771 912 336 941 355 
1771 569 349 610 378 
1771 942 325 971 352 
1771 1115 347 1166 380 
1771 906 337 934 360 
1771 1116 345 1166 382 
1771 527 473 615 556 
1771 933 311 956 331 
1771 1109 350 1152 388 
1771 1089 300 1118 319 
1771 1024 385 1070 423 
1771 900 295 922 315 
1771 688 330 718 369 
1771 1084 363 1132 402 
1771 507 390 555 423 
