1 1404 504 1487 569 
1 379 728 524 858 
1 1062 421 1116 468 
1 645 475 734 554 
1 1176 376 1218 406 
1 1883 829 1920 914 
1 1219 601 1316 695 
1 494 393 544 432 
1 584 387 630 426 
1 1260 502 1353 577 
1 1168 374 1206 404 
1 713 404 763 442 
1 691 329 733 367 
1 1003 370 1055 404 
1 815 405 863 450 
1 789 307 813 326 
1 1012 374 1068 406 
1 401 580 526 680 
1 1242 418 1292 455 
1 402 577 526 676 
1 657 382 709 421 
1 901 331 936 356 
1 755 348 789 383 
1 818 408 864 451 
1 887 326 914 350 
1 1092 341 1131 368 
1 993 352 1030 391 
1 962 332 992 358 
1 1242 419 1293 455 
1 1006 330 1036 362 
1 999 361 1045 396 
1 1093 339 1131 369 
1 751 349 784 384 
1 997 336 1032 367 
1 944 325 974 352 
2 1602 814 1805 959 
2 1482 567 1603 657 
2 1107 480 1173 533 
2 1525 996 1735 1067 
2 1158 375 1205 408 
2 598 436 665 486 
2 1113 346 1148 373 
2 787 488 857 556 
2 736 390 779 424 
2 655 469 728 527 
2 507 438 571 488 
2 1288 433 1348 475 
2 1016 374 1061 410 
2 960 338 997 367 
2 806 330 842 358 
2 406 436 467 494 
2 476 627 636 753 
2 8 870 195 1054 
2 1 870 191 1053 
2 1171 425 1234 483 
2 730 386 770 421 
2 665 373 717 405 
2 1048 323 1080 351 
2 407 435 471 490 
2 964 333 1004 360 
2 478 623 634 755 
2 1169 426 1234 483 
2 559 341 614 382 
2 802 329 830 357 
3 1209 607 1317 688 
3 238 502 336 582 
3 1340 573 1429 656 
3 1324 462 1401 522 
3 678 448 736 497 
3 529 598 631 682 
3 1042 404 1091 444 
3 688 661 811 788 
3 348 531 443 604 
3 813 364 849 396 
3 479 528 567 611 
3 1060 333 1096 352 
3 911 313 948 344 
3 638 407 691 451 
3 978 344 1013 376 
3 513 370 566 416 
3 1105 377 1149 418 
3 1204 389 1243 421 
3 1105 366 1144 398 
3 1104 360 1145 387 
3 734 306 757 324 
3 512 373 566 415 
3 883 301 903 327 
4 1566 638 1701 725 
4 1542 763 1729 883 
4 1358 796 1522 931 
4 515 552 613 635 
4 0 718 135 855 
4 647 400 697 438 
4 1106 480 1176 528 
4 558 471 636 527 
4 1145 356 1179 382 
4 1228 403 1288 448 
4 523 433 579 485 
4 800 419 856 463 
4 1207 465 1267 522 
4 1057 342 1091 384 
4 144 740 317 906 
4 1 639 68 749 
4 1003 362 1042 398 
4 753 330 780 354 
4 432 417 494 467 
4 128 964 346 1054 
4 433 414 496 466 
4 143 739 322 906 
4 130 962 351 1054 
4 891 301 924 327 
4 943 323 972 349 
4 1057 347 1095 384 
4 753 311 774 328 
4 1205 465 1265 520 
4 1047 332 1078 358 
4 1035 322 1060 347 
5 1302 559 1398 628 
5 361 509 461 593 
5 118 779 311 952 
5 1176 565 1260 629 
5 1374 502 1449 561 
5 408 575 527 662 
5 1089 336 1124 361 
5 636 353 671 383 
5 757 487 843 592 
5 555 404 601 439 
5 580 446 642 501 
5 293 477 374 549 
5 1328 631 1484 756 
5 1169 369 1212 406 
5 1046 410 1096 443 
5 1020 331 1055 359 
5 755 358 786 380 
5 917 301 953 331 
5 966 339 999 364 
5 749 341 774 361 
5 1326 628 1482 756 
5 1021 330 1055 359 
5 293 475 376 550 
5 580 448 643 501 
5 840 298 868 319 
5 761 307 781 330 
5 1132 407 1178 447 
6 1622 661 1750 743 
6 601 722 773 960 
6 472 458 538 507 
6 440 534 542 619 
6 584 397 629 428 
6 3 692 159 839 
6 1035 323 1068 348 
6 736 386 782 417 
6 28 592 185 691 
6 977 315 1012 344 
6 997 366 1047 399 
6 930 314 962 342 
6 11 831 244 997 
6 1155 483 1246 568 
6 1035 322 1061 343 
6 1082 453 1149 501 
6 971 315 1002 342 
6 533 370 578 403 
6 1261 427 1326 467 
6 1155 487 1245 568 
6 12 829 240 999 
6 681 325 716 359 
6 921 312 946 339 
6 1188 459 1246 506 
6 991 313 1020 338 
6 1081 453 1148 500 
6 1111 343 1148 385 
6 1261 428 1327 466 
6 1084 364 1116 394 
6 145 596 202 653 
6 1117 343 1148 369 
7 1383 511 1462 560 
7 502 448 565 494 
7 1546 593 1920 963 
7 479 398 532 443 
7 1377 805 1569 971 
7 1075 410 1141 472 
7 140 710 312 861 
7 961 342 987 364 
7 966 343 993 365 
7 695 445 749 489 
7 314 551 405 620 
7 1054 332 1090 362 
7 748 363 780 387 
7 1179 384 1221 411 
7 960 337 977 360 
7 803 327 836 358 
7 688 308 712 330 
7 584 330 616 355 
7 591 334 626 362 
7 1027 388 1079 433 
7 1027 388 1077 432 
7 313 548 405 621 
7 1028 342 1062 365 
7 1109 397 1157 450 
8 351 544 439 605 
8 1 744 100 864 
8 1251 429 1308 463 
8 381 443 456 501 
8 515 438 574 473 
8 1145 535 1237 611 
8 598 546 684 618 
8 726 397 779 436 
8 1037 369 1087 414 
8 814 353 849 383 
8 555 352 598 385 
8 1309 457 1479 635 
8 610 380 676 425 
8 1115 352 1149 380 
8 1014 326 1051 350 
8 719 392 767 429 
8 1033 369 1082 416 
8 997 349 1033 386 
8 1002 330 1033 353 
8 689 320 725 356 
8 935 316 962 339 
8 1293 547 1312 604 
8 995 350 1033 385 
8 606 302 639 326 
9 4 723 153 835 
9 411 504 486 562 
9 1268 666 1428 800 
9 209 524 313 596 
9 553 420 613 484 
9 670 472 736 524 
9 991 341 1037 380 
9 502 382 555 422 
9 1170 380 1294 504 
9 337 793 502 948 
9 803 396 848 436 
9 951 325 988 356 
9 602 318 633 347 
9 684 351 721 379 
9 683 345 720 369 
9 1062 431 1119 478 
9 606 309 640 335 
9 688 312 710 330 
9 1067 433 1123 479 
9 618 308 650 331 
9 695 307 719 325 
9 677 303 701 320 
9 687 330 722 353 
9 890 302 910 325 
9 991 333 1033 367 
9 637 306 665 326 
9 899 304 923 327 
9 1064 333 1093 356 
9 589 322 615 347 
9 894 304 914 326 
10 1182 852 1355 995 
10 1111 342 1196 443 
10 406 512 501 589 
10 470 469 542 519 
10 1473 579 1591 655 
10 543 593 649 681 
10 778 458 846 524 
10 0 650 41 748 
10 176 629 304 716 
10 1008 373 1056 410 
10 412 429 477 482 
10 579 342 622 371 
10 649 391 700 427 
10 958 320 1004 356 
10 1116 491 1192 563 
10 915 305 951 336 
10 906 304 942 332 
10 677 343 711 365 
10 676 332 706 352 
10 674 350 710 373 
10 1009 369 1051 399 
10 665 347 712 377 
10 1113 494 1192 566 
10 678 305 712 329 
10 1002 323 1044 349 
11 1685 719 1863 832 
11 78 667 245 798 
11 303 563 407 640 
11 721 592 821 690 
11 588 442 651 488 
11 675 327 717 353 
11 971 343 1006 371 
11 1033 538 1108 595 
11 1049 404 1103 455 
11 1318 464 1389 517 
11 250 501 347 582 
11 1054 326 1134 393 
11 925 311 958 338 
11 547 362 602 392 
11 972 338 1005 363 
11 1313 466 1389 517 
11 619 391 671 426 
11 617 387 668 422 
11 546 360 603 393 
11 607 311 632 333 
11 251 502 349 579 
11 931 314 965 341 
11 627 314 654 335 
12 461 532 555 600 
12 984 422 1036 463 
12 0 755 103 880 
12 1212 404 1262 441 
12 935 321 970 346 
12 1753 725 1920 868 
12 1005 359 1044 396 
12 1401 532 1490 595 
12 641 343 691 376 
12 514 444 581 491 
12 491 395 537 434 
12 1222 407 1277 443 
12 3 647 48 742 
12 1075 297 1105 318 
12 606 308 635 327 
12 986 410 1038 456 
12 609 314 631 332 
12 593 311 617 326 
12 1025 301 1074 361 
12 933 316 964 339 
12 859 297 879 316 
12 1757 728 1920 870 
12 1071 299 1097 320 
12 981 301 1013 322 
12 629 312 654 329 
12 973 305 1002 323 
13 330 539 424 615 
13 164 723 329 856 
13 1150 367 1197 397 
13 406 436 471 490 
13 1420 527 1533 613 
13 474 413 531 450 
13 941 368 980 393 
13 603 376 650 411 
13 590 333 633 364 
13 1139 362 1181 393 
13 1259 435 1325 481 
13 904 306 931 325 
13 1259 435 1322 481 
13 956 337 991 364 
13 912 306 940 323 
13 607 365 651 398 
13 846 293 871 315 
13 695 310 728 330 
13 855 294 882 317 
13 1253 437 1351 486 
13 954 327 990 356 
13 604 350 647 382 
13 581 332 620 356 
13 834 293 857 314 
13 926 307 950 323 
14 244 511 334 581 
14 1088 345 1122 366 
14 521 413 586 461 
14 980 298 1012 320 
14 374 460 445 517 
14 919 314 952 342 
14 1172 386 1224 419 
14 1284 436 1361 492 
14 703 322 745 347 
14 585 368 628 400 
14 0 751 39 865 
14 913 323 944 346 
14 1163 386 1212 417 
14 933 310 960 336 
14 649 325 693 346 
15 1424 652 1557 753 
15 1245 637 1354 729 
15 392 472 478 544 
15 0 645 50 749 
15 1034 325 1068 349 
15 183 543 283 621 
15 538 399 595 446 
15 1191 384 1247 425 
15 1088 356 1132 380 
15 633 342 673 373 
15 1108 732 1248 852 
15 629 336 671 366 
15 878 304 903 331 
15 533 372 579 414 
15 757 331 781 351 
15 602 310 629 336 
15 594 315 620 333 
15 705 338 732 362 
16 1722 715 1893 841 
16 460 451 528 509 
16 1008 508 1083 571 
16 149 572 278 668 
16 1124 493 1188 544 
16 1516 713 1680 862 
16 1125 349 1171 384 
16 990 304 1017 330 
16 1026 327 1060 351 
16 755 346 782 364 
16 570 345 607 367 
16 757 350 786 368 
16 919 299 948 317 
16 454 415 508 458 
16 574 342 612 363 
16 1279 522 1356 581 
16 922 295 943 315 
16 690 368 726 395 
16 1272 521 1352 579 
16 458 440 520 488 
16 765 350 792 366 
16 689 365 726 396 
16 910 295 932 316 
16 926 297 955 314 
17 1712 721 1891 844 
17 1067 328 1110 357 
17 1296 531 1390 617 
17 1405 515 1485 588 
17 317 467 403 539 
17 1179 444 1236 487 
17 964 309 1002 334 
17 965 420 1015 461 
17 539 365 575 400 
17 564 404 616 446 
17 608 307 634 337 
17 747 376 790 404 
17 306 532 415 620 
17 1062 417 1107 452 
17 1060 419 1106 452 
17 571 349 606 372 
17 597 310 623 331 
17 743 322 770 344 
17 604 320 634 346 
17 694 325 722 348 
17 746 313 769 336 
17 657 399 705 434 
17 306 529 414 617 
17 543 359 584 395 
17 557 349 601 382 
17 615 308 644 333 
17 577 339 615 360 
18 602 451 662 499 
18 72 575 198 667 
18 481 402 539 444 
18 0 687 156 831 
18 1260 426 1326 470 
18 1017 316 1051 338 
18 1014 375 1049 404 
18 943 366 976 398 
18 922 302 947 322 
18 930 303 954 324 
18 1176 444 1247 504 
18 693 348 726 372 
18 849 288 877 308 
18 595 325 631 353 
18 1406 523 1489 591 
18 724 416 768 450 
18 752 333 778 360 
18 1403 521 1487 589 
18 1114 395 1164 429 
18 1184 448 1251 507 
18 480 396 541 431 
18 724 413 770 452 
18 1011 316 1040 339 
18 1115 395 1166 429 
18 868 293 888 309 
18 480 462 543 515 
18 583 329 618 355 
18 744 331 767 359 
18 481 461 545 513 
19 370 454 444 513 
19 666 489 725 543 
19 978 343 1011 369 
19 482 401 537 441 
19 747 348 787 387 
19 1114 397 1166 444 
19 316 546 413 631 
19 1065 358 1104 388 
19 1264 429 1327 477 
19 488 535 581 607 
19 565 354 604 380 
19 670 380 714 407 
19 559 359 597 383 
19 1177 379 1216 409 
19 1174 377 1219 412 
19 980 338 1008 358 
19 593 333 630 358 
19 981 298 1012 325 
19 734 304 755 322 
19 602 327 634 353 
19 1175 376 1210 403 
19 899 285 915 317 
19 751 308 769 326 
20 229 716 386 831 
20 1446 665 1575 759 
20 1313 749 1466 864 
20 386 456 450 502 
20 0 723 115 873 
20 530 624 628 709 
20 625 421 676 461 
20 1025 341 1061 364 
20 525 376 567 414 
20 1178 379 1229 416 
20 1074 364 1109 399 
20 741 336 779 368 
20 941 320 971 346 
20 164 541 278 625 
20 722 389 772 435 
20 716 392 767 437 
20 1100 343 1132 367 
20 874 297 899 340 
20 1082 359 1117 391 
20 163 539 278 626 
20 1095 349 1129 374 
21 1846 785 1920 890 
21 195 540 294 612 
21 1358 784 1522 925 
21 1154 541 1231 604 
21 1109 348 1147 379 
21 523 507 595 559 
21 737 377 781 406 
21 457 421 511 463 
21 987 325 1020 348 
21 615 360 658 389 
21 1253 504 1331 562 
21 674 451 741 519 
21 530 374 582 406 
21 986 317 1011 345 
21 672 451 742 517 
21 1031 338 1068 368 
21 759 315 779 330 
21 767 310 786 326 
21 738 368 782 393 
21 1253 502 1330 561 
21 691 333 726 363 
21 909 305 932 334 
21 542 370 590 405 
21 911 289 931 328 
22 290 662 422 763 
22 345 476 418 535 
22 1442 545 1557 628 
22 1172 554 1256 630 
22 1074 445 1132 488 
22 561 563 661 666 
22 481 408 532 448 
22 1161 425 1206 460 
22 713 419 761 461 
22 1053 328 1089 352 
22 570 394 631 434 
22 679 354 721 394 
22 750 351 784 382 
22 990 318 1022 347 
22 882 291 896 324 
22 532 374 580 406 
22 955 294 971 330 
22 643 326 675 354 
23 1848 777 1916 873 
23 120 582 234 661 
23 643 501 713 562 
23 494 449 552 501 
23 210 848 437 1044 
23 375 468 438 516 
23 1280 675 1420 785 
23 643 397 692 438 
23 1022 391 1066 424 
23 802 333 834 360 
23 977 307 1028 337 
23 1097 377 1132 408 
23 1281 440 1358 495 
23 484 407 530 441 
23 1033 391 1076 422 
23 992 309 1035 337 
23 1088 452 1152 501 
23 1088 451 1149 502 
23 736 388 780 425 
23 734 393 777 424 
23 1278 442 1357 496 
23 966 305 997 333 
24 476 661 602 767 
24 333 544 429 614 
24 1186 385 1238 424 
24 1037 395 1077 431 
24 786 328 817 354 
24 183 557 277 625 
24 687 448 747 498 
24 400 454 461 496 
24 1040 349 1077 375 
24 491 410 543 446 
24 1137 506 1216 575 
24 819 361 849 386 
24 1459 545 1565 626 
24 1135 509 1216 574 
24 1035 393 1069 424 
24 643 412 690 446 
24 575 450 645 506 
24 575 450 647 507 
24 583 385 639 423 
24 758 326 785 349 
24 751 317 774 338 
24 1048 342 1086 364 
24 796 338 823 364 
24 834 295 854 314 
24 1457 547 1567 628 
24 687 327 723 360 
24 529 388 578 420 
24 643 412 688 446 
24 978 352 1018 380 
24 184 551 279 624 
24 986 353 1025 381 
25 2 737 128 855 
25 1419 857 1616 1003 
25 1665 639 1845 793 
25 407 458 467 501 
25 592 553 684 632 
25 432 551 542 635 
25 1113 350 1152 380 
25 1066 425 1121 468 
25 566 481 637 532 
25 526 429 586 478 
25 242 525 330 588 
25 814 388 858 422 
25 467 427 523 462 
25 812 396 854 427 
25 1303 450 1376 499 
25 1112 345 1153 372 
25 944 331 973 352 
25 1300 449 1367 498 
25 809 339 842 366 
25 777 355 812 380 
25 770 359 803 381 
25 1003 334 1033 355 
25 770 358 805 382 
25 999 348 1032 391 
25 1008 309 1031 328 
25 758 357 795 380 
25 750 343 779 368 
25 917 300 939 321 
25 758 355 798 382 
25 1001 335 1030 390 
26 1 660 78 751 
26 311 814 493 974 
26 394 510 479 578 
26 1198 392 1254 429 
26 520 431 579 474 
26 785 461 841 508 
26 250 534 336 590 
26 1179 562 1274 638 
26 1401 486 1435 563 
26 481 411 532 450 
26 396 596 504 683 
26 370 480 438 526 
26 81 770 283 936 
26 1054 328 1090 354 
26 1014 375 1060 413 
26 676 352 714 379 
26 813 425 867 469 
26 1417 495 1493 578 
26 905 308 934 327 
26 726 407 778 450 
26 1423 493 1495 578 
26 807 375 842 406 
26 596 394 657 434 
26 812 441 855 475 
26 914 308 940 330 
26 628 323 669 363 
26 685 352 722 382 
26 895 304 922 321 
26 728 403 778 450 
26 789 325 817 350 
27 107 657 252 773 
27 633 510 710 575 
27 779 510 846 575 
27 381 512 465 577 
27 1084 449 1151 495 
27 728 565 811 646 
27 393 454 459 501 
27 0 659 94 757 
27 509 456 572 501 
27 809 351 844 378 
27 1263 408 1335 475 
27 802 344 838 372 
27 779 434 831 476 
27 687 423 744 467 
27 311 276 1182 593 
27 806 336 840 362 
27 1121 352 1163 385 
27 689 423 745 466 
27 539 370 593 402 
27 536 378 592 408 
28 1653 677 1793 778 
28 91 661 240 762 
28 574 815 729 976 
28 339 794 515 928 
28 671 552 760 624 
28 433 485 506 537 
28 614 432 667 476 
28 340 551 431 617 
28 1032 386 1080 423 
28 691 689 805 803 
28 590 509 671 568 
28 1182 369 1233 415 
28 476 406 526 443 
28 812 389 857 424 
28 809 354 848 381 
28 809 348 840 365 
28 807 366 845 393 
28 250 521 336 586 
28 811 340 846 361 
28 735 400 783 430 
28 745 318 782 344 
28 1838 1003 1920 1067 
28 250 523 335 585 
28 940 329 967 351 
28 575 345 604 365 
28 573 340 606 361 
28 745 316 783 345 
29 344 675 483 781 
29 0 727 118 846 
29 1403 518 1482 582 
29 236 591 348 673 
29 1380 611 1497 695 
29 990 354 1032 382 
29 1 639 117 728 
29 791 458 846 503 
29 521 430 578 480 
29 382 456 444 498 
29 502 517 585 583 
29 812 381 860 422 
29 629 338 666 370 
29 1024 321 1051 346 
29 690 448 752 494 
29 747 333 787 364 
29 1117 341 1161 377 
29 909 308 940 332 
29 286 908 499 1057 
29 636 332 672 363 
29 795 324 832 355 
29 916 303 951 329 
29 543 366 587 398 
29 1024 314 1054 337 
29 278 908 500 1055 
29 913 301 945 332 
29 985 297 1013 317 
29 1114 340 1158 379 
29 789 326 819 356 
29 685 308 709 326 
30 1149 870 1342 1045 
30 248 691 393 796 
30 223 530 313 593 
30 719 584 815 658 
30 384 505 474 577 
30 603 538 691 610 
30 502 402 552 439 
30 1278 689 1419 807 
30 1217 478 1291 532 
30 1281 438 1339 480 
30 951 337 984 360 
30 814 355 845 382 
30 801 440 860 488 
30 1064 323 1099 357 
30 601 371 643 403 
30 740 370 784 402 
30 792 437 854 489 
30 1274 689 1393 767 
30 1061 324 1095 357 
30 693 305 722 327 
30 633 337 683 364 
30 740 368 785 403 
31 1123 813 1313 991 
31 1 659 68 742 
31 1479 691 1632 795 
31 428 457 485 505 
31 490 927 702 1055 
31 98 641 246 762 
31 1021 310 1053 340 
31 916 315 944 335 
31 1135 520 1211 591 
31 817 392 852 423 
31 1029 573 1117 653 
31 1127 401 1177 442 
31 1273 692 1405 798 
31 554 407 608 447 
31 749 536 837 616 
31 1181 389 1227 422 
31 720 397 784 452 
31 622 361 657 394 
31 359 739 514 858 
31 359 738 517 860 
31 1184 389 1227 421 
31 700 299 725 319 
31 748 536 837 616 
31 1173 393 1225 427 
31 860 296 879 313 
32 1483 684 1649 811 
32 1263 664 1376 760 
32 1014 550 1110 628 
32 798 452 852 496 
32 621 766 782 928 
32 644 507 711 560 
32 280 546 369 614 
32 1299 537 1386 601 
32 678 436 745 503 
32 470 454 543 514 
32 977 456 1042 502 
32 1146 533 1215 591 
32 1068 434 1122 486 
32 748 385 780 411 
32 745 378 778 405 
32 543 408 596 451 
32 977 299 1012 326 
32 1069 437 1122 487 
32 539 410 594 453 
32 1117 359 1153 388 
32 574 388 618 418 
32 1145 533 1213 590 
32 747 393 777 414 
32 717 309 739 326 
32 737 385 764 411 
32 901 303 923 321 
32 706 313 730 331 
32 981 456 1047 504 
33 485 687 602 779 
33 1135 512 1208 575 
33 1293 533 1398 611 
33 0 724 86 839 
33 1303 718 1450 823 
33 733 573 825 651 
33 568 526 677 636 
33 971 436 1040 495 
33 712 426 765 473 
33 1499 572 1611 651 
33 556 409 599 449 
33 1066 336 1100 364 
33 1008 337 1048 365 
33 311 536 414 620 
33 1194 456 1260 501 
33 735 315 759 330 
33 748 313 768 330 
33 1075 439 1128 488 
33 944 297 969 322 
33 1021 382 1069 427 
33 454 463 520 522 
33 1022 384 1069 427 
33 740 322 762 342 
33 454 466 520 521 
33 1195 454 1258 500 
33 733 313 752 329 
33 962 397 1004 435 
33 312 532 417 618 
33 601 389 639 417 
33 600 386 640 419 
33 1074 437 1128 487 
33 858 297 877 313 
33 963 398 1003 434 
33 644 323 671 346 
34 1105 756 1249 879 
34 1192 451 1264 505 
34 300 515 383 568 
34 288 752 506 977 
34 274 575 380 647 
34 1064 432 1123 478 
34 951 387 991 421 
34 1445 653 1597 776 
34 535 907 724 1062 
34 471 466 534 515 
34 636 511 709 581 
34 688 361 725 388 
34 1570 631 1700 720 
34 1129 401 1180 437 
34 1023 323 1055 347 
34 4 703 133 838 
34 1335 461 1399 513 
34 532 429 593 468 
34 753 329 778 352 
34 743 333 773 353 
34 993 356 1025 383 
34 1167 544 1244 610 
34 1021 318 1052 339 
34 1169 543 1244 610 
34 1030 390 1078 424 
34 1030 392 1077 423 
34 8 702 137 842 
34 533 427 592 468 
34 1570 633 1697 721 
34 1333 464 1399 516 
34 589 332 621 358 
35 0 650 110 751 
35 312 559 409 630 
35 2 763 68 875 
35 1014 526 1088 589 
35 651 398 696 430 
35 1269 662 1398 774 
35 1130 399 1179 447 
35 559 360 597 386 
35 1361 493 1430 550 
35 1280 521 1368 595 
35 1006 385 1050 419 
35 445 689 578 820 
35 432 491 505 547 
35 747 341 782 374 
35 691 325 723 349 
35 1231 406 1274 440 
35 904 337 933 360 
35 1077 369 1114 402 
35 994 361 1025 389 
35 930 345 965 377 
35 1089 452 1146 498 
35 444 689 581 820 
35 1229 407 1275 441 
35 912 337 944 366 
35 433 490 506 547 
35 1277 517 1367 594 
35 748 338 783 376 
35 1088 454 1149 499 
36 1659 666 1838 784 
36 2 745 119 868 
36 580 451 638 496 
36 225 602 341 685 
36 1177 435 1244 489 
36 508 390 554 425 
36 1155 367 1191 395 
36 975 433 1027 468 
36 1042 401 1082 437 
36 685 341 723 370 
36 1135 494 1201 555 
36 1037 347 1081 377 
36 1084 362 1127 396 
36 730 385 766 422 
36 748 350 785 377 
36 1242 419 1286 455 
36 901 320 941 348 
36 966 339 1000 379 
36 1130 496 1197 557 
36 1242 417 1287 455 
36 746 341 784 367 
36 956 340 987 372 
36 729 388 765 419 
36 881 319 915 347 
36 1033 344 1072 373 
36 964 342 1000 377 
37 1507 698 1658 810 
37 1390 502 1488 570 
37 447 549 540 617 
37 408 444 473 491 
37 535 425 590 469 
37 946 376 987 405 
37 746 378 783 406 
37 739 378 772 407 
37 921 319 954 351 
37 682 443 737 491 
37 1058 418 1111 456 
37 921 315 950 343 
37 666 364 712 400 
37 687 444 740 490 
37 627 349 668 378 
37 1091 350 1130 371 
37 1011 356 1046 391 
37 1122 390 1168 432 
37 1058 416 1113 456 
37 618 349 658 375 
37 665 361 713 401 
37 927 322 954 353 
38 149 738 314 864 
38 218 537 308 599 
38 1831 776 1919 878 
38 1271 421 1333 473 
38 1294 532 1391 597 
38 918 347 956 372 
38 634 391 689 442 
38 1010 370 1052 403 
38 806 332 830 352 
38 592 530 675 612 
38 435 482 510 544 
38 713 416 769 455 
38 805 325 833 350 
38 749 322 779 344 
38 1015 364 1058 396 
38 750 313 773 332 
38 1079 360 1122 395 
38 892 306 918 330 
38 925 342 966 366 
38 888 308 913 331 
38 595 369 638 407 
38 970 302 999 323 
38 914 336 941 358 
38 596 371 638 407 
39 1424 839 1628 1010 
39 356 742 508 906 
39 1177 374 1229 417 
39 1470 563 1575 627 
39 241 586 354 675 
39 811 357 845 382 
39 666 491 725 542 
39 1193 443 1247 483 
39 1033 340 1074 368 
39 745 340 780 364 
39 1864 967 1913 1055 
39 562 433 638 513 
39 976 336 1012 367 
39 938 305 964 346 
39 928 303 956 343 
39 561 434 638 511 
40 1806 790 1920 912 
40 1185 560 1279 639 
40 536 621 634 709 
40 1406 602 1554 733 
40 1324 456 1387 506 
40 813 401 849 432 
40 998 319 1034 350 
40 430 517 539 628 
40 1117 343 1163 374 
40 738 374 776 404 
40 1109 379 1160 423 
40 609 366 649 397 
40 744 327 776 352 
40 940 309 972 349 
40 430 480 500 550 
40 744 368 781 397 
40 805 398 838 423 
40 424 486 507 565 
40 734 327 767 351 
41 1462 684 1608 790 
41 117 660 328 886 
41 1088 449 1155 500 
41 1064 643 1173 741 
41 1222 395 1278 433 
41 1480 576 1593 655 
41 775 475 839 525 
41 1250 482 1334 564 
41 743 344 783 376 
41 1816 984 1920 1066 
41 697 320 725 344 
41 740 335 787 365 
41 965 309 998 340 
41 713 413 763 455 
41 702 310 730 331 
41 696 314 722 334 
41 1056 337 1101 383 
41 706 314 733 333 
41 559 406 613 443 
41 181 607 309 692 
41 558 405 612 442 
41 716 414 766 457 
41 177 610 308 689 
41 904 294 922 332 
41 892 293 909 331 
41 1054 338 1094 388 
41 1052 331 1091 366 
41 813 331 835 351 
41 916 293 932 332 
42 1671 842 1890 999 
42 1408 628 1520 719 
42 686 642 783 736 
42 999 486 1061 537 
42 1282 529 1358 592 
42 1255 679 1376 779 
42 814 364 845 393 
42 1339 482 1413 531 
42 1150 359 1196 393 
42 1155 414 1218 471 
42 734 383 776 412 
42 462 467 528 519 
42 653 491 723 552 
42 654 489 723 552 
42 947 293 961 327 
42 941 294 956 328 
42 1007 319 1045 357 
43 1659 662 1823 775 
43 1358 581 1468 669 
43 501 640 621 744 
43 1097 375 1146 417 
43 702 425 758 472 
43 1236 496 1319 557 
43 816 416 862 446 
43 572 351 612 375 
43 1116 498 1185 555 
43 255 580 369 661 
43 970 403 1011 438 
43 1184 446 1242 493 
43 1097 357 1145 388 
43 992 349 1027 385 
43 1243 422 1291 457 
43 1096 343 1131 371 
43 674 352 715 389 
43 579 348 614 370 
43 1095 337 1126 364 
43 969 397 1012 427 
43 1184 445 1240 489 
43 813 414 855 439 
44 626 513 704 578 
44 1225 474 1294 531 
44 1161 427 1216 472 
44 1529 601 1650 691 
44 1247 625 1355 715 
44 643 394 695 433 
44 789 498 852 551 
44 1115 390 1167 427 
44 1048 342 1092 381 
44 533 377 583 409 
44 1048 414 1098 446 
44 1408 509 1502 588 
44 1407 511 1502 587 
44 952 331 982 353 
44 941 353 977 389 
44 648 316 679 348 
44 1535 601 1615 679 
44 1177 385 1226 418 
44 1044 337 1084 374 
44 948 320 972 345 
44 782 314 805 331 
44 533 375 582 409 
44 1164 414 1215 462 
45 690 689 801 792 
45 1486 711 1621 818 
45 1685 697 1846 802 
45 1115 809 1262 940 
45 1244 633 1401 780 
45 1108 377 1149 417 
45 442 684 576 799 
45 1348 482 1422 542 
45 580 445 645 501 
45 1286 436 1353 489 
45 998 361 1043 392 
45 1112 483 1182 541 
45 1117 356 1162 385 
45 458 424 510 464 
45 802 330 829 351 
45 1148 410 1199 454 
45 913 315 944 361 
45 1066 358 1106 387 
45 688 318 720 342 
45 750 324 782 346 
45 1005 321 1047 359 
45 739 324 770 348 
45 911 295 937 356 
45 625 341 667 369 
45 686 315 715 337 
45 997 318 1037 357 
45 791 324 819 346 
46 1353 787 1538 941 
46 1019 547 1091 610 
46 1512 726 1668 836 
46 1271 531 1338 586 
46 1127 487 1210 567 
46 1250 421 1302 459 
46 306 504 380 563 
46 451 536 541 617 
46 814 345 846 375 
46 808 345 838 373 
46 750 344 780 368 
46 1430 542 1517 605 
46 596 376 643 410 
46 1053 413 1104 452 
46 1019 340 1059 362 
46 1096 372 1134 408 
46 814 339 844 365 
46 1202 390 1252 426 
46 654 331 698 362 
46 1201 389 1256 427 
46 959 324 996 360 
46 1091 376 1126 414 
46 700 304 727 322 
46 580 353 619 381 
46 1058 350 1096 381 
46 584 356 625 387 
46 1432 541 1517 606 
47 133 733 305 882 
47 0 653 105 749 
47 920 305 955 339 
47 1285 535 1369 602 
47 534 422 598 466 
47 523 377 570 416 
47 619 352 662 387 
47 1154 545 1241 622 
47 1292 449 1368 495 
47 817 377 863 431 
47 1142 359 1183 393 
47 979 320 1008 348 
47 613 356 653 389 
47 975 437 1029 479 
47 1159 439 1212 478 
47 740 378 777 408 
47 1059 414 1123 469 
47 987 324 1021 349 
47 1169 372 1213 409 
47 628 302 662 334 
47 1016 367 1056 401 
47 637 315 672 351 
47 1152 361 1195 399 
47 1179 378 1222 410 
47 698 328 728 351 
47 625 338 662 367 
47 1056 412 1124 468 
47 848 298 878 318 
47 723 309 745 325 
47 1023 334 1072 368 
48 1420 632 1574 751 
48 428 427 488 480 
48 792 473 856 526 
48 557 402 613 444 
48 1069 441 1128 492 
48 414 503 496 561 
48 822 414 871 452 
48 1128 354 1163 377 
48 1095 385 1135 421 
48 1171 443 1230 491 
48 616 337 669 380 
48 681 347 722 374 
48 711 424 767 471 
48 1087 337 1121 368 
48 735 314 759 330 
48 953 381 991 412 
48 1023 369 1071 411 
48 1120 351 1152 378 
48 1141 876 1550 1047 
48 751 315 770 331 
48 1123 867 1546 1055 
48 1091 345 1127 374 
48 708 422 763 470 
48 891 306 913 322 
48 1198 399 1259 436 
48 1022 370 1070 411 
48 896 304 922 324 
48 946 384 981 413 
48 731 312 753 327 
48 987 324 1040 359 
48 612 330 666 380 
48 740 327 763 349 
49 1790 759 1919 876 
49 243 506 337 581 
49 141 647 282 748 
49 702 639 812 735 
49 796 497 864 554 
49 640 513 707 578 
49 1286 672 1414 785 
49 1098 391 1139 421 
49 979 342 1019 371 
49 667 376 712 404 
49 445 473 517 529 
49 925 344 961 372 
49 1255 491 1345 567 
49 1031 568 1133 666 
49 1029 568 1132 664 
49 584 357 644 406 
49 583 359 643 407 
49 1259 489 1344 566 
49 919 340 948 368 
49 1615 274 1652 340 
49 1139 365 1176 389 
49 752 330 781 352 
49 974 337 1007 365 
49 623 313 670 355 
50 692 697 816 802 
50 1389 617 1503 700 
50 1464 557 1577 628 
50 1138 509 1210 572 
50 988 452 1055 509 
50 440 705 572 825 
50 632 416 686 451 
50 747 332 781 365 
50 1055 357 1092 381 
50 755 347 792 376 
50 544 385 612 445 
50 1163 419 1234 469 
50 185 601 314 699 
50 985 344 1024 383 
50 937 319 976 348 
50 755 355 788 378 
50 588 322 654 383 
50 895 308 928 339 
50 950 320 987 350 
50 884 315 915 344 
50 1066 351 1114 375 
50 902 313 936 343 
50 546 380 611 442 
50 998 322 1034 355 
50 1009 322 1052 353 
50 694 310 716 327 
50 185 602 316 699 
50 697 307 722 325 
50 594 324 658 378 
51 1412 638 1530 723 
51 550 483 616 537 
51 1075 428 1121 472 
51 1317 457 1387 508 
51 1103 377 1147 416 
51 1229 486 1304 541 
51 476 415 561 502 
51 739 374 781 415 
51 686 351 722 379 
51 956 386 1013 433 
51 577 343 636 404 
51 683 343 719 372 
51 1021 330 1065 356 
51 855 301 881 325 
51 865 302 893 330 
51 727 305 752 326 
51 740 368 779 399 
51 943 310 995 353 
51 738 357 779 386 
51 730 310 750 327 
51 942 315 995 353 
51 579 344 638 401 
51 954 387 1012 435 
51 879 303 907 329 
52 362 610 479 697 
52 1558 692 1894 956 
52 1223 406 1275 439 
52 1489 582 1597 659 
52 711 436 759 478 
52 349 472 452 590 
52 507 373 554 420 
52 542 367 609 441 
52 938 348 978 389 
52 746 325 775 351 
52 1252 498 1324 553 
52 417 433 493 559 
52 665 384 706 415 
52 725 386 767 426 
52 985 313 1023 337 
52 1054 350 1095 378 
52 730 379 773 421 
52 918 305 955 336 
52 1025 380 1062 409 
52 1143 419 1194 453 
52 992 318 1030 340 
52 914 313 946 336 
52 750 323 776 340 
52 582 328 612 355 
52 1550 728 1605 847 
52 709 427 757 468 
52 1050 344 1087 369 
52 849 301 878 321 
52 910 307 946 332 
52 1028 374 1070 405 
52 880 305 912 325 
52 372 452 470 578 
53 1311 517 1494 673 
53 104 521 343 742 
53 616 432 671 471 
53 1075 373 1115 404 
53 468 397 552 495 
53 684 443 744 495 
53 1157 419 1213 464 
53 1153 369 1199 400 
53 1254 662 1399 776 
53 432 413 479 469 
53 997 332 1047 366 
53 638 511 712 582 
53 750 343 784 368 
53 1160 855 1330 999 
53 983 341 1029 375 
53 680 367 719 394 
53 1147 365 1191 396 
53 755 349 789 373 
53 469 449 543 501 
53 1322 467 1393 515 
53 1322 469 1391 513 
53 908 326 936 353 
53 538 365 582 391 
53 549 363 591 389 
53 908 329 934 351 
53 695 311 716 330 
53 1160 861 1328 997 
53 1313 471 1360 509 
54 1693 681 1867 798 
54 340 461 459 598 
54 1443 666 1594 766 
54 464 684 599 800 
54 1217 437 1324 537 
54 510 514 591 575 
54 1020 344 1064 370 
54 1029 556 1105 622 
54 1092 379 1140 411 
54 291 474 353 547 
54 452 425 504 471 
54 510 377 563 413 
54 580 326 617 358 
54 743 375 782 408 
54 943 324 977 351 
54 949 319 988 348 
54 1095 341 1129 368 
54 1216 403 1264 446 
54 1125 495 1200 561 
54 1095 349 1132 374 
54 584 385 637 420 
54 584 532 679 619 
54 583 530 679 619 
54 640 410 691 443 
54 1095 371 1138 400 
54 0 683 32 893 
54 1130 499 1204 564 
54 740 298 761 315 
54 642 410 692 443 
55 54 565 268 768 
55 1459 677 1601 781 
55 18 594 89 696 
55 1043 638 1137 720 
55 336 486 405 545 
55 271 674 407 773 
55 1207 628 1327 727 
55 1146 378 1229 465 
55 554 481 617 529 
55 713 430 766 471 
55 1275 524 1361 588 
55 525 435 578 479 
55 1673 831 1893 993 
55 660 360 703 391 
55 560 345 606 380 
55 333 742 508 904 
55 980 444 1036 484 
55 915 306 941 332 
55 1042 334 1079 373 
55 1386 499 1474 563 
55 456 410 515 454 
55 924 303 949 329 
55 981 328 1014 349 
55 455 412 513 456 
55 332 741 507 907 
55 982 325 1006 347 
55 1054 416 1110 458 
55 1385 498 1474 562 
55 574 334 614 363 
55 1042 330 1078 371 
55 1677 834 1888 998 
56 1654 674 1836 801 
56 1315 665 1451 766 
56 401 510 478 570 
56 1383 592 1495 689 
56 523 362 578 404 
56 641 522 712 590 
56 608 397 662 438 
56 982 484 1043 528 
56 99 590 216 673 
56 1101 487 1173 546 
56 947 382 986 412 
56 1177 448 1240 490 
56 1295 539 1386 606 
56 996 320 1032 351 
56 1100 357 1162 420 
56 366 609 478 688 
56 356 460 428 521 
56 356 465 424 520 
56 1243 410 1292 451 
56 366 607 479 688 
56 858 299 880 314 
57 448 735 587 861 
57 143 652 275 746 
57 1399 516 1499 595 
57 1136 511 1213 570 
57 1067 617 1165 704 
57 470 390 528 441 
57 1045 410 1096 453 
57 177 538 280 623 
57 550 354 595 388 
57 518 446 584 502 
57 1123 399 1179 437 
57 920 349 952 375 
57 962 402 1011 436 
57 1258 485 1331 551 
57 693 325 726 346 
57 786 327 815 349 
57 1203 455 1268 509 
57 744 325 772 351 
57 738 324 764 351 
57 1150 359 1193 389 
57 1203 459 1266 509 
57 928 348 963 373 
57 966 338 1003 373 
57 1256 487 1321 551 
57 966 329 999 363 
57 582 334 621 362 
57 922 341 949 367 
57 552 346 597 380 
58 1002 470 1063 523 
58 800 347 835 374 
58 741 346 783 376 
58 1005 365 1049 399 
58 348 532 446 614 
58 515 375 567 419 
58 1181 425 1239 472 
58 381 425 458 495 
58 1272 439 1343 486 
58 1135 410 1180 452 
58 807 339 843 366 
58 1058 424 1114 468 
58 1059 423 1115 469 
58 1076 363 1119 400 
58 680 335 721 362 
58 793 338 824 365 
58 380 425 459 495 
58 569 350 609 378 
59 1457 670 1586 766 
59 1267 650 1413 771 
59 1193 388 1239 424 
59 810 377 849 404 
59 1642 631 1829 774 
59 1022 373 1061 406 
59 655 357 692 383 
59 1 701 149 841 
59 537 364 582 402 
59 1088 374 1127 405 
59 459 404 521 455 
59 1122 384 1166 424 
59 1033 334 1076 365 
59 726 383 773 418 
59 230 486 326 585 
59 814 373 852 398 
59 965 395 1018 436 
59 234 487 329 579 
59 1020 367 1058 399 
59 900 320 932 355 
59 965 396 1014 436 
59 458 405 519 459 
59 726 383 771 420 
59 4 702 150 843 
59 898 323 931 353 
59 1024 360 1062 391 
59 1092 376 1135 412 
59 682 316 719 348 
59 688 309 717 336 
60 1437 689 1582 793 
60 1131 497 1215 570 
60 490 392 545 435 
60 0 588 192 721 
60 1284 532 1363 593 
60 1463 930 1701 1053 
60 807 416 858 451 
60 608 386 656 419 
60 682 437 746 491 
60 353 457 442 522 
60 673 329 721 365 
60 815 354 853 384 
60 1395 492 1507 580 
60 804 346 838 372 
60 937 355 972 387 
60 736 334 777 374 
60 1392 490 1500 582 
60 785 333 815 359 
60 609 322 671 369 
60 1056 352 1096 384 
60 790 342 821 374 
60 731 340 767 374 
60 925 309 951 337 
