1 298 216 445 325 
1 108 480 274 608 
1 1406 264 1494 325 
1 631 235 702 284 
1 1401 363 1541 476 
1 285 260 409 361 
1 419 388 541 493 
1 721 170 766 197 
1 829 119 865 146 
1 778 115 815 138 
1 577 219 631 259 
1 595 161 638 187 
1 1150 132 1192 171 
1 1205 126 1248 164 
1 578 220 630 260 
1 1148 136 1192 171 
31 0 875 49 1037 
31 4 306 255 567 
31 391 333 487 401 
31 634 236 699 286 
31 449 394 557 479 
31 1534 466 1708 588 
31 490 207 548 250 
31 726 150 780 188 
31 1284 175 1334 218 
31 1227 204 1304 261 
31 794 170 843 208 
31 0 419 114 590 
31 1162 101 1200 123 
31 1103 106 1138 132 
31 785 166 835 204 
31 654 73 691 95 
31 609 194 650 224 
31 775 117 804 136 
31 610 191 657 228 
31 631 76 675 96 
31 0 429 111 590 
31 1158 111 1195 131 
31 620 78 646 96 
31 628 134 671 160 
31 627 79 667 97 
31 1156 107 1188 128 
61 1 654 89 788 
61 446 397 558 489 
61 1881 505 1920 567 
61 654 207 716 259 
61 320 293 409 357 
61 706 257 786 323 
61 1454 417 1602 524 
61 1300 248 1383 315 
61 1531 264 1642 337 
61 550 172 600 210 
61 1150 138 1195 172 
61 2 952 35 1072 
61 719 116 756 148 
61 472 277 548 334 
61 729 157 773 192 
61 609 85 638 108 
61 1211 128 1253 160 
61 780 48 806 67 
61 1210 127 1253 161 
61 788 53 813 71 
61 821 55 849 77 
61 618 92 643 108 
61 797 52 819 68 
61 470 277 550 334 
61 846 56 871 76 
91 1642 337 1873 531 
91 1453 415 1585 506 
91 476 510 628 653 
91 1466 268 1555 330 
91 1371 176 1436 220 
91 418 246 486 294 
91 1 488 103 594 
91 499 334 592 419 
91 1266 236 1339 295 
91 143 490 280 593 
91 1101 100 1140 127 
91 655 220 714 264 
91 815 75 852 102 
91 655 218 707 261 
91 1171 99 1202 121 
91 1196 169 1245 210 
91 654 156 712 194 
91 1196 169 1245 209 
91 1162 95 1194 119 
91 788 77 817 102 
91 1162 103 1194 124 
91 518 333 594 393 
91 140 488 283 593 
91 784 81 809 101 
91 780 71 809 98 
91 790 67 816 92 
91 830 83 857 100 
91 807 70 842 95 
121 0 690 237 926 
121 1749 382 1877 465 
121 1395 201 1518 317 
121 1759 520 1914 631 
121 1265 235 1336 291 
121 1291 176 1354 223 
121 566 211 633 266 
121 484 355 576 431 
121 1178 162 1224 197 
121 145 374 267 457 
121 741 107 770 130 
121 744 104 775 124 
121 1269 125 1318 167 
121 742 92 768 111 
121 144 377 266 462 
121 855 84 881 104 
121 864 87 889 104 
121 1134 123 1179 149 
151 1474 702 1703 897 
151 1457 231 1531 281 
151 697 141 737 164 
151 1433 410 1552 500 
151 1437 286 1535 355 
151 1281 145 1356 221 
151 1887 512 1918 581 
151 832 115 867 140 
151 387 317 491 400 
151 1177 165 1229 199 
151 2 779 174 987 
151 767 116 804 142 
151 704 129 744 158 
151 0 770 167 998 
151 386 317 494 405 
151 699 133 738 155 
181 0 597 124 778 
181 1512 271 1602 333 
181 1213 100 1268 163 
181 717 144 762 193 
181 1602 393 1762 503 
181 1253 234 1321 285 
181 1215 309 1299 382 
181 624 183 683 221 
181 1307 198 1370 243 
181 793 158 839 196 
181 1337 161 1385 198 
181 837 111 868 131 
181 1172 86 1203 112 
181 1128 118 1174 147 
181 1163 92 1196 118 
181 842 106 870 126 
181 672 118 707 149 
181 833 116 862 133 
211 1421 388 1551 480 
211 709 243 784 309 
211 1358 225 1435 290 
211 1803 405 1918 531 
211 644 210 698 265 
211 1359 177 1417 220 
211 1231 151 1275 175 
211 1177 161 1220 193 
211 506 263 574 315 
211 816 147 848 173 
211 623 170 676 218 
211 721 117 759 144 
211 1114 186 1171 236 
211 1113 187 1171 237 
211 862 71 892 95 
211 622 171 674 218 
241 226 431 355 525 
241 492 471 640 622 
241 1246 155 1298 200 
241 476 344 579 435 
241 1464 686 1699 854 
241 529 183 584 230 
241 1248 227 1308 274 
241 507 238 588 299 
241 670 143 715 182 
241 756 210 808 253 
241 1059 137 1108 165 
241 640 75 666 94 
241 725 161 764 196 
241 1469 233 1578 305 
241 1473 232 1578 306 
241 843 102 880 124 
241 728 159 771 198 
241 626 76 643 95 
241 783 66 812 88 
241 784 61 811 84 
271 3 744 173 991 
271 1742 204 1832 255 
271 1663 326 1792 402 
271 1152 153 1208 187 
271 387 257 467 316 
271 637 230 698 283 
271 1210 307 1293 375 
271 621 367 710 448 
271 605 93 633 113 
271 1645 441 1816 536 
271 275 359 410 479 
271 678 111 713 136 
271 1440 413 1586 523 
271 807 141 857 166 
271 1050 104 1082 124 
271 1342 162 1411 211 
271 606 191 657 232 
271 1186 107 1233 143 
271 606 195 654 230 
271 277 360 408 475 
271 598 89 624 112 
271 1343 161 1411 211 
271 1443 413 1586 524 
271 1203 105 1247 132 
271 1146 90 1179 110 
271 760 87 789 108 
271 1643 439 1815 535 
301 101 387 239 493 
301 1579 150 1650 193 
301 1423 207 1499 255 
301 765 190 822 230 
301 1255 120 1305 157 
301 1252 232 1334 290 
301 629 142 669 169 
301 446 368 561 465 
301 717 120 758 146 
301 1116 114 1154 139 
301 1376 238 1451 292 
301 472 270 547 328 
301 92 1001 308 1071 
301 711 124 752 147 
301 1117 184 1169 227 
301 1485 451 1631 554 
301 468 268 539 326 
301 1483 450 1632 552 
301 1113 181 1167 226 
301 816 132 854 164 
301 1110 109 1147 134 
301 1028 79 1059 97 
301 1027 78 1051 93 
331 0 810 124 1008 
331 551 180 600 214 
331 1469 119 1519 149 
331 669 313 755 379 
331 769 185 826 228 
331 206 426 333 526 
331 1811 775 1920 936 
331 650 164 696 194 
331 1174 161 1229 197 
331 1061 133 1109 161 
331 1280 246 1356 304 
331 1202 88 1246 122 
331 1304 145 1366 182 
331 1250 157 1306 195 
331 1250 156 1307 194 
331 1071 129 1117 154 
331 1282 246 1356 304 
361 329 678 541 855 
361 1690 349 1818 427 
361 1737 491 1918 617 
361 539 234 604 282 
361 1392 95 1431 119 
361 1236 113 1278 141 
361 676 116 705 141 
361 1359 329 1462 405 
361 428 243 493 287 
361 678 295 758 368 
361 1181 165 1228 199 
361 743 105 775 126 
361 738 102 769 123 
361 672 294 757 370 
361 748 102 782 122 
361 431 243 496 288 
361 1178 165 1227 200 
391 208 353 313 426 
391 297 387 410 472 
391 372 599 566 797 
391 1131 123 1167 147 
391 1431 209 1507 262 
391 1843 238 1916 306 
391 1315 76 1356 101 
391 1419 263 1505 332 
391 617 147 657 174 
391 1219 202 1273 244 
391 761 129 799 159 
391 699 132 732 160 
391 836 119 868 143 
391 1219 202 1272 245 
391 752 72 790 92 
391 1190 85 1226 107 
391 705 130 739 161 
391 1146 67 1170 85 
421 1644 178 1728 230 
421 1728 157 1818 198 
421 633 178 674 211 
421 1284 179 1337 221 
421 700 186 747 224 
421 1128 137 1183 173 
421 735 93 778 116 
421 525 196 581 230 
421 525 197 579 230 
421 1292 169 1347 215 
421 785 169 839 206 
421 832 121 868 152 
421 1264 67 1297 89 
421 1306 147 1356 181 
421 784 172 838 205 
421 1084 87 1109 99 
421 700 186 748 223 
421 1127 139 1184 172 
451 1798 751 1920 951 
451 1612 134 1680 173 
451 562 294 637 353 
451 718 263 781 319 
451 518 248 583 298 
451 691 114 739 148 
451 1517 141 1583 180 
451 1251 113 1286 140 
451 1240 115 1280 143 
451 1852 248 1917 314 
451 371 272 441 322 
451 1204 128 1250 163 
451 637 73 666 94 
451 1204 126 1250 163 
451 784 74 808 92 
451 818 79 844 96 
451 371 270 442 322 
451 815 82 847 100 
451 790 80 819 97 
451 1054 66 1082 85 
481 48 426 190 520 
481 1532 114 1586 150 
481 1461 293 1578 381 
481 1655 192 1746 235 
481 1367 330 1483 418 
481 502 522 628 647 
481 144 613 340 764 
481 258 406 380 499 
481 644 161 692 191 
481 1438 110 1488 139 
481 1160 103 1198 129 
481 707 289 770 345 
481 707 289 771 345 
481 782 102 820 123 
511 1822 537 1920 674 
511 1409 367 1538 456 
511 1538 148 1601 189 
511 1464 99 1512 129 
511 1372 89 1414 118 
511 438 609 592 757 
511 746 135 791 163 
511 574 162 629 207 
511 1307 193 1378 246 
511 557 217 619 261 
511 1226 204 1298 257 
511 1135 80 1174 102 
541 1404 378 1535 467 
541 1432 274 1534 343 
541 1250 220 1310 266 
541 1450 117 1500 148 
541 694 181 743 221 
541 1400 86 1448 114 
541 476 209 550 265 
541 676 139 719 174 
541 389 320 488 393 
541 1158 144 1208 183 
541 660 183 748 223 
541 1321 78 1360 105 
541 1219 138 1275 175 
541 1220 138 1275 174 
541 820 126 849 151 
571 4 572 157 724 
571 1451 419 1591 519 
571 1298 181 1359 227 
571 585 273 656 331 
571 1586 297 1692 366 
571 1459 300 1556 369 
571 1159 149 1209 183 
571 1247 224 1312 277 
571 306 288 413 366 
571 1116 109 1158 135 
571 720 157 759 193 
571 651 128 685 157 
571 1399 99 1439 122 
571 616 185 666 221 
571 783 175 826 206 
571 613 185 663 223 
571 738 104 769 126 
571 1163 105 1212 134 
601 1609 418 1758 510 
601 1219 131 1266 169 
601 313 499 452 605 
601 1344 86 1384 110 
601 799 148 852 174 
601 0 457 125 586 
601 634 226 692 276 
601 1271 239 1337 294 
601 1310 195 1369 236 
601 1155 156 1213 191 
601 578 171 629 201 
601 501 261 570 314 
601 710 255 785 312 
601 1395 201 1455 245 
601 692 134 735 162 
601 711 252 790 313 
601 694 131 735 163 
601 1288 66 1323 88 
601 502 260 571 315 
631 541 459 667 562 
631 1552 272 1664 342 
631 1358 235 1428 286 
631 270 404 391 491 
631 814 133 862 160 
631 466 231 530 272 
631 1301 74 1339 99 
631 1297 145 1343 177 
631 633 174 681 209 
631 750 217 810 252 
631 438 375 545 465 
631 1424 376 1539 468 
631 1420 377 1541 468 
631 442 376 542 464 
631 1109 117 1152 143 
631 1181 161 1232 199 
631 1177 101 1212 124 
631 744 214 812 254 
631 1216 138 1260 170 
661 1489 728 1733 913 
661 1378 182 1448 231 
661 258 335 358 406 
661 0 921 30 1063 
661 1527 334 1649 411 
661 640 363 729 434 
661 1242 160 1288 195 
661 1259 224 1324 274 
661 529 240 594 292 
661 783 185 831 223 
661 1228 113 1269 140 
661 1125 123 1166 152 
661 534 235 601 294 
661 1260 226 1325 275 
661 784 185 832 222 
661 1124 122 1167 154 
691 1690 148 1769 192 
691 1775 528 1915 653 
691 84 937 385 1071 
691 698 298 766 357 
691 1332 204 1399 250 
691 315 373 431 459 
691 1279 134 1331 169 
691 1220 319 1310 400 
691 1165 150 1219 187 
691 1164 150 1219 187 
691 1222 320 1314 398 
691 1186 105 1225 133 
721 1572 124 1630 160 
721 1427 270 1520 339 
721 417 628 589 783 
721 1308 503 1452 613 
721 1874 241 1920 294 
721 1404 360 1514 452 
721 1125 199 1185 244 
721 1224 143 1281 177 
721 1124 112 1167 141 
721 809 80 841 105 
721 874 78 901 101 
721 1222 100 1262 131 
721 807 68 842 96 
721 797 75 833 101 
721 1219 106 1266 136 
721 817 74 847 98 
721 869 82 894 103 
751 1653 178 1735 223 
751 1478 105 1528 133 
751 1241 217 1307 267 
751 1293 182 1351 222 
751 1149 268 1223 322 
751 1069 136 1121 167 
751 1177 83 1213 128 
751 796 53 821 73 
751 771 93 813 131 
751 807 52 821 66 
751 1175 91 1215 129 
751 797 59 820 81 
751 770 97 810 133 
781 1396 85 1446 111 
781 1623 993 1877 1079 
781 1549 276 1637 340 
781 1167 150 1211 187 
781 783 67 808 91 
781 1474 445 1610 535 
781 739 145 779 173 
781 732 139 773 170 
781 808 148 853 178 
781 1211 128 1254 163 
781 720 122 761 144 
781 1524 137 1585 178 
781 1392 92 1442 114 
781 1081 177 1138 214 
781 722 119 753 139 
781 1081 176 1139 215 
781 775 69 796 91 
781 1523 138 1584 178 
781 1211 125 1255 163 
781 809 148 853 179 
781 1471 446 1612 531 
781 740 143 779 171 
781 788 69 805 80 
811 669 197 725 241 
811 1323 78 1362 103 
811 1266 239 1338 291 
811 1049 123 1099 154 
811 752 206 812 262 
811 1431 109 1478 139 
811 1225 361 1323 441 
811 633 175 677 203 
811 750 91 780 116 
811 752 97 784 118 
811 667 145 714 175 
811 1133 116 1162 136 
811 755 207 814 264 
811 665 152 703 178 
811 1222 363 1322 440 
811 1159 105 1189 130 
841 607 369 717 470 
841 514 318 602 401 
841 1122 206 1176 252 
841 1375 88 1411 114 
841 712 119 749 145 
841 482 263 551 317 
841 1165 161 1220 195 
841 1363 95 1408 112 
841 1437 389 1568 495 
841 609 192 656 229 
841 606 191 654 228 
841 1431 388 1569 491 
841 1277 136 1325 169 
841 1279 136 1325 167 
871 2 697 231 908 
871 1569 280 1676 351 
871 88 492 263 614 
871 1523 358 1646 437 
871 834 124 864 150 
871 1258 221 1322 275 
871 653 151 705 188 
871 1306 73 1345 101 
871 460 284 540 343 
871 1073 139 1112 169 
871 829 121 857 147 
871 775 115 808 135 
871 458 285 536 342 
871 1218 105 1254 133 
871 1073 137 1114 169 
871 1116 119 1150 142 
901 774 176 826 216 
901 1394 180 1448 227 
901 584 204 641 249 
901 1168 147 1210 187 
901 772 100 813 131 
901 1343 222 1412 272 
901 639 139 680 166 
901 869 74 902 100 
901 94 510 258 633 
901 94 509 256 631 
901 1053 104 1084 123 
901 724 141 777 175 
901 1259 68 1292 87 
901 1339 221 1409 269 
901 725 138 779 176 
931 651 198 718 253 
931 676 287 758 354 
931 1098 112 1152 138 
931 555 177 605 213 
931 422 298 518 374 
931 730 128 778 169 
931 1215 154 1287 191 
931 836 100 872 126 
931 1286 131 1329 164 
931 846 102 883 127 
931 555 178 607 216 
931 418 297 517 376 
931 1207 58 1234 77 
931 1286 131 1329 164 
931 732 122 778 169 
961 1776 217 1873 275 
961 24 533 215 677 
961 1384 356 1495 437 
961 326 650 531 843 
961 596 160 640 188 
961 405 255 478 313 
961 665 178 728 235 
961 561 225 625 272 
961 814 142 851 170 
961 1437 252 1548 333 
961 504 298 612 410 
961 1225 95 1260 125 
961 504 301 613 407 
961 766 130 801 155 
961 1438 253 1550 333 
991 1617 167 1688 213 
991 484 227 542 262 
991 75 417 217 519 
991 1498 253 1581 309 
991 0 623 279 907 
991 749 194 817 257 
991 1269 157 1332 210 
991 610 185 669 220 
991 358 334 461 435 
991 527 271 628 367 
991 1235 209 1302 259 
991 558 238 653 332 
991 699 171 738 210 
991 702 172 744 209 
991 1231 206 1299 258 
991 771 127 800 149 
991 620 180 675 215 
991 537 266 633 360 
991 359 333 463 438 
991 858 82 882 102 
1021 1641 445 1790 537 
1021 1504 129 1561 169 
1021 602 340 729 464 
1021 710 172 753 202 
1021 265 339 351 398 
1021 141 504 387 707 
1021 147 455 432 634 
1021 493 264 563 316 
1021 573 174 621 205 
1021 138 540 346 734 
1021 1185 109 1230 143 
1021 593 258 664 322 
1021 1337 167 1389 199 
1021 674 139 718 177 
1021 1154 148 1196 177 
1021 593 256 663 322 
1021 1149 152 1196 182 
1021 674 146 717 179 
1021 490 265 561 317 
1051 1517 346 1632 426 
1051 206 435 333 533 
1051 613 244 672 294 
1051 1422 100 1470 135 
1051 428 250 495 292 
1051 814 148 853 179 
1051 525 190 581 234 
1051 1108 112 1146 135 
1051 1384 253 1451 307 
1051 315 463 457 592 
1051 723 92 754 117 
1051 315 461 457 595 
1051 749 127 795 164 
1051 596 190 656 235 
1051 594 189 657 237 
1051 724 94 751 108 
1051 1386 254 1451 306 
1051 750 128 794 163 
1051 726 105 756 127 
1051 742 125 785 160 
1051 742 122 786 162 
1051 1135 82 1170 114 
1051 1244 119 1278 140 
1081 116 406 240 489 
1081 757 209 816 262 
1081 1365 84 1406 112 
1081 705 177 756 218 
1081 375 428 484 521 
1081 439 279 530 352 
1081 745 79 771 103 
1081 1493 320 1612 404 
1081 672 122 709 146 
1081 326 275 419 342 
1081 670 118 707 139 
1081 675 115 711 134 
1081 1265 177 1319 205 
1081 750 77 775 100 
1081 1329 209 1391 260 
1081 673 141 712 170 
1081 1330 209 1394 258 
1111 629 367 729 465 
1111 1378 346 1486 423 
1111 1230 145 1272 188 
1111 48 488 252 641 
1111 1836 234 1916 298 
1111 579 200 638 246 
1111 1331 207 1396 251 
1111 694 102 733 126 
1111 1307 74 1348 99 
1111 1564 287 1655 346 
1111 610 143 660 184 
1111 601 260 674 329 
1111 1566 286 1664 344 
1111 0 504 17 589 
1111 602 258 674 329 
1111 839 24 863 50 
1141 417 307 505 371 
1141 1232 210 1294 260 
1141 1385 191 1447 231 
1141 1229 143 1280 185 
1141 1532 489 1684 603 
1141 1672 188 1763 243 
1141 639 128 683 162 
1141 334 465 487 589 
1141 502 202 564 249 
1141 1148 102 1187 129 
1141 1172 109 1202 134 
1141 497 201 559 249 
1141 1264 68 1297 87 
1171 1286 254 1363 315 
1171 6 558 177 686 
1171 283 304 393 385 
1171 1567 156 1638 203 
1171 1448 413 1582 518 
1171 1280 140 1332 171 
1171 556 175 608 213 
1171 1147 150 1203 182 
1171 1873 620 1920 687 
1171 807 49 828 68 
1171 809 38 837 67 
1171 814 47 840 72 
1171 873 87 898 106 
1201 1490 126 1547 165 
1201 1449 307 1550 380 
1201 1252 226 1324 278 
1201 402 255 478 307 
1201 1382 356 1499 445 
1201 1188 168 1230 204 
1201 782 71 817 93 
1201 837 111 875 134 
1201 1142 94 1172 116 
1201 780 70 814 94 
1231 1707 376 1853 460 
1231 54 415 202 519 
1231 1269 416 1399 513 
1231 1237 219 1297 265 
1231 757 85 789 112 
1231 1303 205 1367 248 
1231 1167 147 1207 186 
1231 763 90 794 113 
1231 815 144 858 170 
1231 1418 103 1468 140 
1231 815 145 857 173 
1261 1568 531 1751 655 
1261 1447 230 1524 280 
1261 1383 91 1423 122 
1261 1155 151 1201 186 
1261 776 196 827 235 
1261 1302 479 1440 588 
1261 1140 230 1205 278 
1261 1400 366 1517 453 
1261 1220 147 1272 181 
1261 1571 914 1871 1069 
1261 724 106 768 140 
1261 1864 261 1917 306 
1261 1571 914 1878 1074 
1261 726 104 769 140 
1261 813 84 834 98 
1261 814 87 840 104 
1261 715 52 734 67 
1291 1660 189 1733 233 
1291 688 302 763 367 
1291 664 141 720 184 
1291 1482 448 1635 547 
1291 1316 290 1403 350 
1291 1161 254 1230 310 
1291 1251 228 1315 277 
1291 784 117 818 137 
1291 1225 355 1315 441 
1291 1076 149 1128 187 
1291 1178 113 1213 135 
1291 1320 163 1379 197 
1291 1321 163 1378 196 
1291 1326 78 1369 101 
1321 449 578 601 717 
1321 1212 192 1266 235 
1321 1130 208 1184 256 
1321 737 148 783 177 
1321 621 75 648 96 
1321 570 193 641 252 
1321 1532 146 1578 182 
1321 1310 444 1443 551 
1321 1294 261 1371 317 
1321 1828 746 1920 853 
1321 1861 180 1915 215 
1321 629 74 655 94 
1321 1100 167 1138 201 
1321 832 124 863 151 
1321 1094 171 1136 201 
1321 1171 163 1222 201 
1321 831 122 863 152 
1351 382 277 504 387 
1351 1699 156 1788 199 
1351 1387 342 1491 418 
1351 665 209 725 251 
1351 1197 178 1253 217 
1351 795 171 838 210 
1351 1080 147 1124 178 
1351 1157 235 1228 295 
1351 737 140 782 175 
1351 1434 112 1475 138 
1351 1145 138 1192 170 
1351 1162 239 1232 295 
1351 1259 69 1295 90 
1351 790 171 832 211 
1381 1731 163 1850 258 
1381 527 326 615 397 
1381 715 262 785 328 
1381 1601 138 1663 173 
1381 1369 93 1404 118 
1381 0 537 136 775 
1381 1093 158 1140 192 
1381 663 197 722 243 
1381 1360 98 1400 119 
1381 1245 211 1303 260 
1381 1154 134 1186 164 
1381 754 134 790 166 
1381 800 55 814 67 
1381 691 133 730 171 
1381 812 152 852 181 
1381 1054 111 1093 134 
1381 756 131 790 167 
1411 1573 396 1714 493 
1411 79 675 303 846 
1411 1587 123 1674 202 
1411 762 220 814 267 
1411 489 515 633 652 
1411 1537 119 1583 146 
1411 614 191 662 224 
1411 1284 436 1426 558 
1411 1167 154 1215 185 
1411 1525 496 1710 621 
1411 1303 80 1340 106 
1411 521 309 613 391 
1411 604 153 646 178 
1411 683 183 742 231 
1411 678 180 739 230 
1411 1828 238 1910 302 
1411 1823 240 1911 301 
1411 520 309 615 391 
1411 704 130 740 156 
1411 1112 99 1147 121 
1411 1521 495 1713 621 
1411 1110 108 1141 125 
1411 1051 116 1094 139 
1411 618 182 661 210 
1441 1147 241 1222 299 
1441 1484 97 1566 168 
1441 1635 187 1722 229 
1441 1825 166 1915 213 
1441 466 285 541 337 
1441 1357 237 1425 283 
1441 556 279 644 361 
1441 507 207 561 243 
1441 60 631 304 838 
1441 624 381 716 469 
1441 1755 462 1916 632 
1441 635 174 688 209 
1441 1279 248 1363 315 
1441 1282 246 1362 315 
1441 1051 88 1085 109 
1441 1022 65 1051 80 
1471 1721 209 1808 260 
1471 1812 170 1911 214 
1471 73 525 231 637 
1471 1430 250 1559 342 
1471 1535 146 1596 182 
1471 1177 166 1230 202 
1471 199 535 395 721 
1471 1244 159 1287 198 
1471 1418 84 1483 138 
1471 636 136 680 161 
1471 1088 161 1136 199 
1471 1663 142 1744 190 
1471 531 242 595 294 
1471 333 295 415 349 
1471 815 95 840 114 
1471 531 242 595 294 
1471 334 294 413 350 
1471 1467 277 1561 355 
1471 1661 144 1741 188 
1471 813 93 837 110 
1471 1091 160 1137 199 
1471 713 111 750 137 
1471 728 109 759 136 
1471 1418 90 1483 138 
1501 1691 664 1918 826 
1501 1 494 93 594 
1501 1590 167 1657 204 
1501 1499 289 1598 351 
1501 1451 118 1502 151 
1501 278 404 382 496 
1501 1442 724 1668 893 
1501 1288 167 1372 228 
1501 779 123 814 145 
1501 1625 139 1725 189 
1501 1570 124 1630 162 
1501 1055 114 1097 150 
1501 1365 69 1417 114 
1501 715 113 749 144 
1501 665 147 716 178 
1501 577 173 618 203 
1501 1120 114 1167 151 
1501 578 173 618 205 
1501 1193 33 1212 64 
1501 1173 112 1215 148 
1531 1523 261 1621 319 
1531 1347 321 1447 395 
1531 588 199 645 243 
1531 1549 364 1668 440 
1531 727 166 773 197 
1531 1865 817 1917 920 
1531 1502 135 1561 176 
1531 1570 126 1626 166 
1531 1181 301 1269 368 
1531 1750 150 1871 210 
1531 658 154 700 190 
1531 449 236 507 280 
1531 555 175 600 209 
1531 821 73 847 95 
1531 1197 120 1267 168 
1531 1325 192 1384 234 
1531 1395 102 1435 125 
1531 1327 191 1384 233 
1531 452 237 509 277 
1531 1202 121 1267 167 
1561 627 239 695 286 
1561 433 294 511 360 
1561 1397 609 1587 750 
1561 1097 181 1153 219 
1561 412 243 488 298 
1561 1215 204 1272 246 
1561 1345 221 1410 263 
1561 1616 128 1704 182 
1561 560 210 619 262 
1561 1503 109 1554 146 
1561 1453 110 1502 150 
1561 1367 174 1426 221 
1561 1226 140 1276 177 
1561 269 357 318 398 
1561 229 359 304 401 
1561 1333 85 1380 110 
1561 1386 352 1493 434 
1561 211 363 301 432 
1561 214 361 304 426 
1561 1162 94 1205 126 
1561 817 95 842 114 
1561 1387 353 1493 436 
1561 792 94 816 113 
1561 809 91 833 108 
1591 34 528 220 665 
1591 1530 341 1669 441 
1591 1427 662 1627 818 
1591 1186 287 1272 348 
1591 1581 537 1792 676 
1591 428 414 536 495 
1591 354 324 458 414 
1591 136 378 261 452 
1591 1412 100 1452 134 
1591 1238 215 1296 262 
1591 1445 96 1495 129 
1591 1141 148 1192 177 
1591 787 120 817 140 
1591 122 416 225 473 
1591 1538 107 1601 158 
1591 128 382 260 467 
1591 1053 120 1105 156 
1591 1052 121 1104 155 
1591 1427 97 1479 132 
1591 1538 110 1602 158 
1591 1302 75 1339 100 
1591 1277 135 1315 157 
1591 1400 101 1441 129 
1591 738 34 754 62 
1591 1170 112 1204 136 
1591 1396 93 1435 124 
1621 1326 276 1412 350 
1621 1188 300 1271 365 
1621 1480 96 1536 140 
1621 1332 209 1418 272 
1621 1108 177 1165 217 
1621 737 153 780 183 
1621 698 54 724 74 
1621 1158 144 1208 182 
1621 666 150 715 181 
1621 1387 88 1430 116 
1651 1310 479 1467 626 
1651 674 209 728 253 
1651 654 58 687 83 
1651 1344 81 1379 110 
1651 1202 180 1268 229 
1651 646 63 680 84 
1651 768 71 798 96 
1651 1244 148 1294 193 
1651 1426 88 1480 122 
1651 842 104 872 128 
1651 584 209 638 250 
1651 1097 182 1161 222 
1651 650 69 685 83 
1651 584 208 641 250 
1651 1097 181 1161 222 
1651 1302 71 1336 94 
1651 781 72 810 96 
1651 1220 63 1260 82 
1681 536 325 623 398 
1681 802 150 850 178 
1681 1134 232 1213 299 
1681 1564 284 1679 349 
1681 1389 76 1435 106 
1681 1299 73 1339 101 
1681 1064 126 1108 159 
1681 396 330 487 405 
1681 828 118 862 141 
1681 1168 110 1221 142 
1681 1297 69 1335 95 
1681 1138 127 1186 164 
1681 733 88 766 118 
1681 1075 124 1114 153 
1681 400 331 485 398 
1681 738 95 770 119 
1681 830 112 858 127 
1681 1138 128 1186 164 
1711 1762 162 1877 207 
1711 1388 186 1453 231 
1711 742 216 802 264 
1711 0 685 34 794 
1711 1342 71 1380 99 
1711 135 646 342 808 
1711 1076 146 1132 192 
1711 782 157 828 191 
1711 1285 70 1323 94 
1711 745 204 803 254 
1711 801 106 831 123 
1711 800 102 829 119 
1711 1271 69 1308 94 
1711 1102 107 1136 128 
1711 1114 100 1149 124 
1711 685 114 722 144 
1711 1141 91 1174 120 
1741 1615 139 1697 179 
1741 1587 305 1690 369 
1741 1278 138 1332 170 
1741 585 384 694 478 
1741 701 233 756 281 
1741 1298 62 1334 89 
1741 603 148 656 189 
1741 751 131 793 164 
1741 693 174 745 217 
1741 695 167 748 217 
1741 1045 105 1086 138 
1741 749 133 793 164 
1741 603 150 655 189 
1771 1850 183 1914 220 
1771 1562 523 1725 638 
1771 1536 119 1593 155 
1771 592 242 666 316 
1771 496 418 606 505 
1771 759 119 793 155 
1771 697 169 753 211 
1771 1269 60 1303 83 
1771 481 208 547 263 
1771 481 211 548 263 
1771 1383 195 1443 235 
1771 1385 195 1443 234 
1771 697 167 755 212 
1771 1215 108 1257 131 
