1 187 566 359 712 
1 658 350 743 428 
1 750 213 808 260 
1 1389 88 1439 119 
1 1471 316 1574 390 
1 787 166 834 199 
1 1472 112 1519 143 
1 2 404 110 568 
1 725 109 760 133 
1 1330 309 1425 379 
1 298 384 402 463 
1 1251 130 1300 163 
1 733 109 767 132 
1 1361 170 1421 216 
1 1112 108 1156 137 
1 1360 172 1422 217 
1 1113 107 1157 138 
1 780 67 800 91 
1 775 86 797 101 
2 233 814 476 1039 
2 722 245 783 295 
2 620 363 713 438 
2 1198 192 1256 233 
2 1201 98 1240 126 
2 1306 456 1450 566 
2 1406 91 1447 121 
2 1311 205 1371 245 
2 675 138 718 171 
2 738 109 768 130 
2 1266 121 1319 163 
2 1335 84 1377 107 
2 676 139 719 170 
2 815 87 843 107 
2 1264 124 1319 163 
2 1404 93 1434 117 
2 814 84 838 103 
2 1328 83 1366 107 
3 1750 162 1867 215 
3 144 851 400 1058 
3 549 438 660 529 
3 1378 345 1493 435 
3 1151 240 1226 301 
3 1222 145 1265 177 
3 689 140 733 168 
3 599 188 656 234 
3 1353 83 1388 108 
3 1283 72 1318 97 
3 776 107 815 133 
3 1210 91 1256 126 
3 724 84 754 109 
3 1133 132 1174 165 
3 1138 132 1178 166 
3 1215 102 1262 134 
4 1617 141 1699 187 
4 1087 161 1139 196 
4 1296 77 1333 103 
4 610 194 663 233 
4 1230 209 1295 258 
4 447 273 532 343 
4 740 138 786 172 
4 1045 42 1076 64 
4 1091 108 1127 130 
4 1094 101 1128 123 
4 1052 48 1082 64 
4 1239 69 1274 90 
4 1161 99 1205 131 
4 688 104 720 132 
4 1159 92 1205 133 
4 843 94 874 119 
4 1050 51 1080 70 
4 686 103 720 133 
4 455 277 534 343 
4 1103 106 1139 127 
5 1540 121 1599 160 
5 457 282 538 343 
5 1613 300 1757 392 
5 676 191 733 238 
5 1152 140 1202 176 
5 1048 116 1095 142 
5 69 489 243 624 
5 819 126 857 154 
5 632 133 671 165 
5 74 487 243 624 
5 628 130 670 164 
5 819 125 857 155 
6 76 511 252 640 
6 1793 512 1920 698 
6 1404 198 1489 255 
6 1474 105 1529 139 
6 778 172 835 219 
6 555 171 612 214 
6 535 294 627 372 
6 1100 109 1151 134 
7 1411 89 1455 125 
7 139 571 345 756 
7 696 259 775 349 
7 1432 271 1547 366 
7 432 235 513 292 
7 654 122 690 150 
7 1072 85 1114 106 
7 1293 143 1357 184 
7 786 109 814 128 
8 1423 686 1653 872 
8 1297 183 1368 243 
8 1673 610 1897 758 
8 439 560 594 721 
8 587 163 633 191 
8 841 120 871 139 
8 208 348 343 449 
8 474 524 615 660 
8 748 135 791 163 
8 1357 82 1395 108 
8 1235 108 1274 142 
8 1361 90 1399 108 
8 1235 109 1273 141 
9 1621 414 1770 510 
9 1185 316 1286 388 
9 806 159 850 190 
9 1362 554 1515 668 
9 1328 288 1421 357 
9 480 216 541 260 
9 687 184 743 224 
9 1210 131 1264 178 
9 800 153 845 185 
9 765 126 799 151 
9 754 133 797 158 
9 1214 130 1267 178 
10 748 239 806 283 
10 581 274 651 328 
10 286 318 378 379 
10 1384 246 1461 303 
10 1099 195 1162 243 
10 1201 180 1263 227 
10 711 170 759 203 
10 1538 349 1693 459 
10 1176 274 1250 338 
10 1163 106 1208 137 
10 763 78 792 97 
10 717 165 765 197 
10 1250 68 1284 91 
10 752 80 773 99 
10 1538 349 1695 458 
10 1176 277 1250 338 
11 1720 498 1901 607 
11 1488 467 1639 575 
11 632 245 692 294 
11 310 491 451 599 
11 1103 175 1150 216 
11 603 423 703 506 
11 1268 172 1324 215 
11 1345 221 1430 283 
11 1138 129 1179 162 
11 723 96 752 116 
11 1058 139 1108 170 
11 780 91 805 104 
11 1059 137 1109 170 
12 1415 609 1624 770 
12 1421 274 1513 338 
12 1700 159 1762 197 
12 1790 231 1906 297 
12 1507 481 1674 598 
12 1203 125 1251 160 
12 1247 155 1302 200 
12 425 406 536 499 
12 1270 254 1342 308 
12 678 119 711 142 
12 1273 259 1341 310 
12 1187 29 1208 68 
12 667 119 703 144 
12 423 408 537 501 
12 742 113 769 129 
12 813 90 836 102 
12 1053 124 1105 155 
13 1734 495 1915 635 
13 1564 130 1616 163 
13 1624 174 1710 229 
13 1196 299 1287 363 
13 1178 110 1230 152 
13 781 115 809 135 
13 1288 190 1345 233 
13 1176 170 1225 210 
13 613 147 657 181 
13 777 112 806 130 
13 706 133 744 159 
13 1275 259 1355 315 
13 1276 258 1355 315 
13 671 153 708 183 
13 775 107 804 126 
13 681 149 715 177 
13 1025 90 1062 114 
13 1085 64 1108 86 
13 611 149 655 180 
13 664 153 704 183 
13 1288 189 1346 233 
13 775 121 805 137 
13 1161 103 1210 140 
14 1397 261 1497 330 
14 1760 159 1879 214 
14 1474 109 1516 137 
14 737 87 773 123 
14 1516 138 1582 184 
14 1111 183 1173 226 
14 638 172 690 200 
14 1176 170 1230 208 
14 1208 134 1259 171 
14 582 204 639 244 
14 519 206 571 237 
14 1140 87 1187 114 
14 520 206 573 237 
14 583 205 637 244 
14 726 150 770 180 
14 1023 65 1053 86 
15 1451 112 1500 151 
15 1619 137 1697 186 
15 437 292 519 358 
15 654 212 709 256 
15 1400 92 1435 119 
15 1392 96 1429 120 
15 706 103 748 158 
15 758 130 796 162 
15 1267 172 1322 218 
15 1065 134 1112 163 
15 348 288 436 345 
15 534 235 602 281 
15 1139 115 1174 147 
15 1105 78 1139 104 
15 1113 70 1143 88 
15 349 287 437 344 
15 535 235 601 281 
15 759 79 796 104 
15 755 124 800 153 
15 1171 110 1204 134 
15 758 73 792 97 
16 0 484 121 585 
16 1548 376 1678 457 
16 1835 180 1918 217 
16 66 508 238 648 
16 1538 118 1594 160 
16 1193 122 1238 160 
16 705 183 756 223 
16 1392 90 1441 128 
16 502 338 586 413 
16 341 354 434 431 
16 636 158 693 204 
16 1049 99 1085 124 
16 1327 78 1360 103 
16 809 90 838 114 
16 1086 62 1117 83 
16 733 101 771 129 
16 872 68 896 85 
16 1083 67 1111 76 
16 667 119 702 144 
16 1044 104 1079 128 
16 642 157 697 203 
17 1836 761 1919 893 
17 5 711 224 908 
17 1653 153 1726 192 
17 1460 102 1510 136 
17 597 267 664 330 
17 1267 72 1307 94 
17 1148 98 1185 125 
17 717 43 740 62 
17 541 212 623 281 
17 684 121 729 166 
17 774 112 814 143 
17 1336 80 1375 110 
17 600 146 649 184 
17 809 44 833 60 
17 854 82 884 105 
17 1348 232 1425 282 
17 720 46 747 64 
17 994 21 1019 42 
17 861 88 888 105 
17 1349 234 1426 281 
17 1029 70 1065 98 
17 1082 67 1120 90 
17 1055 72 1090 97 
17 765 116 808 146 
18 1761 173 1846 211 
18 1541 131 1599 162 
18 368 315 497 432 
18 1577 603 1777 732 
18 522 193 578 236 
18 1246 395 1374 507 
18 332 490 475 599 
18 1401 87 1447 122 
18 619 154 675 218 
18 682 56 706 77 
18 1354 307 1458 390 
18 690 55 715 77 
18 837 111 868 131 
18 1250 163 1296 199 
18 724 150 776 191 
18 1118 77 1151 97 
18 1231 65 1263 88 
18 726 150 781 194 
18 779 81 806 97 
18 1288 73 1320 96 
18 748 84 784 104 
19 1713 659 1916 849 
19 1608 145 1669 179 
19 634 62 670 88 
19 1462 111 1511 140 
19 496 231 584 308 
19 374 262 453 322 
19 807 147 848 174 
19 1495 317 1610 401 
19 1207 188 1265 231 
19 1886 172 1918 214 
19 4 610 145 868 
19 565 177 609 209 
19 1338 79 1379 107 
19 762 92 789 117 
19 1299 276 1383 340 
19 1128 224 1207 297 
19 636 213 710 277 
19 758 100 783 118 
19 1124 225 1204 296 
19 757 94 781 114 
19 635 211 710 278 
19 1305 277 1386 341 
19 1087 60 1119 78 
20 1687 144 1789 199 
20 1341 308 1459 396 
20 1521 346 1634 424 
20 1517 120 1566 151 
20 1402 93 1446 122 
20 1083 158 1135 202 
20 222 391 377 486 
20 730 114 765 138 
20 1183 175 1236 212 
20 762 213 815 258 
20 446 359 576 474 
20 1334 210 1402 259 
20 771 89 796 103 
20 213 452 332 526 
20 92 386 233 490 
20 94 388 233 489 
20 455 233 519 275 
20 1137 126 1179 160 
20 457 230 519 275 
20 1338 209 1407 259 
20 661 124 693 144 
20 843 94 871 114 
20 444 358 573 474 
20 213 451 329 526 
20 833 46 853 59 
20 844 65 860 73 
20 763 88 793 108 
20 1285 68 1317 94 
20 763 89 786 102 
20 661 123 693 145 
20 760 212 813 259 
21 633 363 732 448 
21 682 143 723 175 
21 1441 101 1479 126 
21 1342 222 1410 269 
21 1572 119 1638 165 
21 1210 197 1277 250 
21 263 333 362 400 
21 1338 83 1381 108 
21 1054 119 1091 151 
21 1247 149 1297 193 
21 816 128 857 156 
21 727 93 763 124 
21 1135 121 1173 147 
21 591 160 638 189 
21 0 924 30 1075 
21 1111 86 1138 110 
21 740 105 770 125 
21 1110 91 1135 105 
21 1248 151 1294 194 
22 1494 457 1649 574 
22 1654 391 1845 537 
22 98 954 376 1070 
22 1242 157 1294 193 
22 1480 100 1537 144 
22 1138 139 1189 177 
22 768 185 822 226 
22 1374 86 1411 109 
22 487 207 547 255 
22 1291 74 1325 98 
22 609 182 664 232 
22 1368 91 1407 110 
22 1182 113 1225 141 
22 1041 100 1072 123 
22 1033 96 1063 120 
22 807 86 836 110 
22 665 118 696 141 
22 684 114 711 141 
22 716 119 742 140 
22 610 179 663 231 
22 667 116 696 143 
23 1746 161 1844 205 
23 1376 218 1477 296 
23 1700 614 1915 763 
23 1378 543 1603 752 
23 655 152 701 189 
23 1288 255 1366 318 
23 762 113 806 148 
23 1188 121 1225 151 
23 1409 85 1459 124 
23 1100 108 1137 135 
23 1303 77 1342 104 
23 488 258 563 318 
23 297 311 383 375 
23 679 290 763 372 
23 298 314 383 374 
23 490 258 564 319 
23 679 288 763 373 
23 762 116 805 152 
23 1058 62 1088 83 
23 599 158 644 185 
23 600 153 643 185 
24 1190 264 1287 369 
24 238 397 361 502 
24 1257 151 1317 199 
24 1838 239 1910 294 
24 1601 140 1674 181 
24 1724 361 1846 439 
24 1733 162 1839 204 
24 715 149 777 203 
24 353 626 558 848 
24 1189 172 1247 216 
24 579 204 633 249 
24 1626 304 1788 403 
24 1365 311 1457 387 
24 745 86 788 116 
24 1150 96 1179 118 
24 507 211 555 246 
24 660 110 695 142 
24 1346 79 1387 108 
24 1631 303 1784 403 
24 808 35 832 52 
24 662 110 696 144 
24 1154 104 1187 121 
24 815 44 842 59 
24 508 213 553 246 
24 806 47 828 62 
25 1701 368 1871 470 
25 1593 133 1660 175 
25 1650 187 1732 230 
25 1524 118 1575 153 
25 1478 461 1625 560 
25 1486 228 1570 291 
25 1454 214 1548 273 
25 623 215 701 294 
25 327 297 407 354 
25 1198 113 1241 147 
25 1238 203 1295 250 
25 702 50 728 74 
25 443 286 524 353 
25 593 147 643 190 
25 1117 178 1181 236 
25 709 112 758 141 
25 709 110 759 142 
25 1298 59 1320 100 
25 1129 126 1181 160 
25 587 144 640 190 
25 1117 181 1180 237 
25 442 285 525 353 
26 1782 404 1919 493 
26 1449 240 1542 304 
26 1544 148 1606 189 
26 1521 290 1658 417 
26 661 57 694 83 
26 2 510 48 593 
26 1288 265 1360 315 
26 1562 315 1750 476 
26 1507 109 1560 147 
26 1354 156 1425 219 
26 411 417 527 500 
26 425 357 542 453 
26 753 91 791 114 
26 1464 106 1505 135 
26 661 142 717 185 
26 127 465 281 588 
26 480 207 547 262 
26 1079 129 1130 170 
26 657 68 692 83 
26 1163 145 1209 178 
26 1859 191 1916 216 
26 411 379 533 471 
26 124 468 278 594 
26 630 146 663 172 
26 793 51 813 65 
26 654 63 687 85 
26 785 59 813 81 
26 428 375 536 435 
26 1164 145 1209 178 
26 789 63 805 74 
26 1460 105 1495 131 
27 1419 325 1609 511 
27 1614 385 1743 477 
27 1679 157 1756 195 
27 838 117 873 138 
27 1350 199 1489 308 
27 273 306 371 383 
27 1472 126 1520 161 
27 616 75 645 101 
27 1515 258 1594 310 
27 721 120 753 141 
27 1192 176 1242 212 
27 1314 172 1370 216 
27 1410 89 1448 121 
27 1049 99 1085 130 
27 566 197 635 259 
27 1057 101 1095 128 
27 1441 92 1485 124 
27 769 85 796 102 
27 565 200 635 258 
27 1405 94 1438 122 
27 845 66 861 75 
27 776 84 802 106 
27 764 82 792 108 
27 1473 118 1515 152 
27 538 195 577 225 
27 1323 177 1383 222 
28 1628 563 1836 711 
28 1686 154 1768 196 
28 1736 374 1883 467 
28 1404 248 1489 306 
28 1569 133 1630 166 
28 1249 137 1351 290 
28 803 159 849 190 
28 1382 184 1441 227 
28 655 156 705 186 
28 1133 129 1173 158 
28 1421 103 1459 133 
28 732 103 766 130 
28 382 292 492 398 
28 374 276 450 326 
28 732 98 766 122 
28 1357 80 1394 103 
28 1033 79 1064 102 
28 755 57 787 79 
28 765 53 785 66 
28 383 296 490 394 
28 1048 85 1076 99 
28 1378 84 1415 108 
29 1671 621 1880 769 
29 1570 130 1627 161 
29 737 239 799 284 
29 1287 174 1350 218 
29 1162 126 1226 195 
29 0 464 149 551 
29 1498 115 1547 141 
29 1831 492 1917 656 
29 1460 232 1541 285 
29 1 557 129 766 
29 568 211 629 256 
29 1378 96 1415 118 
29 690 134 731 164 
29 1328 280 1423 351 
29 1233 131 1270 167 
29 1107 101 1141 121 
29 696 130 733 157 
29 1287 138 1339 168 
29 1103 105 1135 124 
29 1324 282 1422 351 
29 789 107 821 130 
30 1481 272 1651 407 
30 583 433 693 523 
30 1480 109 1531 140 
30 381 323 480 396 
30 1705 150 1813 201 
30 746 132 795 160 
30 1120 90 1171 146 
30 1220 129 1270 170 
30 1429 96 1475 125 
30 1818 419 1920 511 
30 1334 160 1390 201 
30 1332 300 1418 369 
30 1205 183 1264 225 
30 620 179 673 221 
30 618 177 674 221 
30 655 115 694 143 
30 1206 183 1266 226 
30 655 113 695 144 
30 1174 82 1209 124 
30 1229 125 1275 161 
30 1329 299 1419 369 
31 0 621 92 759 
31 684 185 743 228 
31 1504 246 1594 308 
31 1585 128 1658 175 
31 1672 440 1848 551 
31 495 257 569 317 
31 598 150 644 189 
31 1419 91 1455 119 
31 1201 186 1261 230 
31 1251 121 1300 156 
31 1345 183 1453 280 
31 1300 75 1334 99 
31 774 77 801 98 
31 1144 130 1186 162 
31 785 78 812 96 
31 659 119 692 146 
31 1382 84 1414 111 
31 1141 130 1182 161 
31 1342 186 1452 281 
31 659 116 693 146 
32 553 297 635 358 
32 1747 410 1908 497 
32 1497 109 1562 151 
32 210 424 344 533 
32 1366 173 1423 217 
32 1415 260 1509 330 
32 1139 136 1187 166 
32 1202 92 1242 124 
32 1353 540 1508 660 
32 1352 82 1391 105 
32 1262 133 1341 208 
32 492 199 560 248 
32 594 148 643 190 
32 486 198 553 250 
32 753 98 787 116 
32 1259 136 1337 209 
32 1352 539 1502 661 
33 1425 91 1479 128 
33 305 288 407 362 
33 138 616 331 763 
33 1469 250 1552 307 
33 1295 178 1360 230 
33 710 123 742 143 
33 1302 77 1342 102 
33 503 208 557 247 
33 1203 104 1264 163 
33 1276 128 1322 163 
33 1169 258 1240 315 
33 1168 257 1241 316 
33 1160 78 1196 100 
33 506 207 563 247 
33 1098 102 1137 130 
33 1086 90 1120 112 
33 1299 73 1335 97 
33 1203 107 1263 161 
34 2 494 64 591 
34 1609 531 1872 731 
34 1712 157 1814 202 
34 648 162 691 189 
34 1582 302 1692 370 
34 331 287 419 350 
34 1223 138 1272 178 
34 1371 83 1417 110 
34 1167 90 1217 133 
34 756 81 784 101 
34 1096 165 1142 200 
34 1349 178 1400 215 
34 764 76 789 97 
34 847 95 879 116 
34 1251 69 1293 87 
34 797 50 814 63 
34 793 62 814 81 
34 1350 177 1402 214 
34 626 75 645 91 
34 791 64 807 73 
34 1098 164 1143 200 
35 1770 402 1916 489 
35 556 222 610 263 
35 1308 257 1418 353 
35 1414 209 1477 249 
35 1596 136 1663 176 
35 0 476 102 585 
35 1183 99 1225 139 
35 1286 413 1408 504 
35 1267 136 1311 168 
35 815 128 857 156 
35 1313 74 1357 101 
35 725 97 752 118 
35 1055 116 1092 137 
35 1844 766 1920 880 
36 1693 472 1865 571 
36 1373 326 1485 406 
36 345 342 440 414 
36 1829 426 1920 514 
36 1289 429 1430 545 
36 678 121 711 145 
36 1318 154 1366 189 
36 772 178 826 216 
36 667 122 704 147 
36 1505 254 1596 308 
36 1507 114 1563 150 
36 1188 165 1266 228 
36 1148 229 1208 274 
36 830 123 863 153 
36 1220 104 1257 133 
36 1524 299 1663 409 
36 1522 300 1655 409 
36 1144 83 1181 116 
36 743 88 772 116 
36 1512 115 1565 151 
36 1147 228 1207 274 
36 1188 167 1266 228 
36 1146 80 1181 116 
36 1507 254 1596 309 
36 1288 429 1430 546 
37 1329 484 1487 624 
37 1532 266 1626 323 
37 1738 215 1830 266 
37 1660 443 1829 543 
37 1593 548 1802 688 
37 1438 286 1522 341 
37 687 272 760 337 
37 1229 201 1294 245 
37 1434 94 1477 126 
37 1076 150 1134 185 
37 608 161 649 187 
37 793 179 838 212 
37 1143 232 1215 289 
37 713 125 746 147 
37 1357 215 1447 273 
37 1361 209 1446 273 
37 861 87 889 104 
37 1145 232 1216 288 
37 766 99 788 122 
37 1246 116 1290 145 
37 848 88 876 109 
38 1778 174 1882 211 
38 1158 239 1240 313 
38 1587 165 1653 205 
38 1348 531 1520 678 
38 1424 267 1512 330 
38 1314 283 1409 351 
38 722 263 788 321 
38 1673 455 1849 562 
38 1309 200 1364 239 
38 638 168 690 200 
38 842 115 873 140 
38 1390 193 1450 232 
38 1089 147 1141 191 
38 713 122 752 154 
38 1265 143 1333 198 
38 1053 110 1092 134 
38 1158 140 1208 174 
38 442 549 587 679 
38 508 211 562 248 
38 1379 86 1419 112 
38 504 211 559 249 
38 442 548 589 677 
38 1202 89 1242 117 
38 825 117 857 141 
39 1638 147 1712 186 
39 1168 263 1251 335 
39 1413 269 1508 333 
39 1479 126 1531 160 
39 320 304 408 367 
39 1300 192 1361 234 
39 578 150 628 195 
39 650 157 700 198 
39 1091 155 1143 200 
39 538 243 607 296 
39 808 153 851 188 
39 515 519 645 631 
39 1058 108 1097 140 
39 1204 180 1267 226 
39 1111 103 1156 132 
39 781 118 807 137 
39 1204 177 1268 225 
39 624 69 641 98 
39 1303 142 1351 183 
39 783 120 814 143 
39 719 115 752 137 
39 515 520 647 631 
40 1 522 49 604 
40 1556 127 1613 158 
40 1405 102 1448 131 
40 1098 166 1153 214 
40 1231 144 1276 176 
40 275 414 398 502 
40 460 209 527 260 
40 670 140 719 172 
40 742 216 803 273 
40 1291 187 1356 235 
40 749 140 787 168 
40 720 173 758 206 
40 556 211 617 262 
40 1899 470 1920 525 
40 558 213 620 262 
40 815 136 852 159 
40 1139 131 1184 164 
40 1248 118 1291 148 
41 243 313 353 395 
41 1493 109 1543 140 
41 1724 490 1903 601 
41 1224 138 1270 177 
41 612 364 712 458 
41 1350 87 1388 111 
41 628 242 692 297 
41 1523 250 1628 319 
41 841 108 873 132 
41 1344 93 1384 111 
41 747 128 787 164 
41 778 184 822 215 
41 395 313 482 385 
41 1189 110 1224 135 
41 1048 113 1100 153 
41 587 188 651 238 
41 700 178 753 210 
41 587 188 652 239 
41 394 302 487 386 
41 411 306 487 367 
42 1476 450 1629 553 
42 419 421 535 512 
42 134 830 416 1059 
42 1418 267 1507 335 
42 1429 93 1476 121 
42 710 271 778 328 
42 701 167 750 207 
42 619 238 680 289 
42 444 270 539 344 
42 1903 617 1920 696 
42 1298 73 1333 99 
42 16 510 205 672 
42 1173 103 1214 139 
42 814 150 846 173 
42 1369 172 1431 218 
42 1368 171 1427 218 
42 1146 67 1171 88 
43 1703 159 1799 199 
43 1462 286 1594 389 
43 461 371 557 450 
43 1381 86 1423 109 
43 513 503 636 613 
43 1275 126 1326 166 
43 1609 510 1862 718 
43 99 465 293 609 
43 1294 179 1346 224 
43 778 74 812 100 
43 1371 91 1416 109 
43 782 68 809 93 
43 625 225 694 289 
43 1279 247 1357 308 
43 769 203 820 245 
43 1281 247 1357 307 
43 623 228 692 289 
43 780 80 808 98 
43 768 203 820 245 
43 1149 80 1174 111 
43 513 498 636 615 
43 1147 84 1174 109 
44 5 718 220 902 
44 674 316 759 385 
44 1582 137 1648 176 
44 1325 77 1362 101 
44 741 98 778 126 
44 1319 192 1391 254 
44 472 334 579 438 
44 718 45 737 60 
44 749 91 785 122 
44 1181 168 1236 203 
44 1302 256 1420 350 
44 1304 256 1418 352 
44 474 336 581 434 
44 1223 62 1258 83 
44 1219 109 1263 145 
44 1209 136 1257 168 
44 1217 119 1261 151 
44 1309 195 1388 251 
44 1220 92 1261 124 
44 1183 167 1236 203 
44 1222 106 1262 131 
44 1117 64 1148 91 
44 835 103 863 124 
45 1737 161 1834 203 
45 1507 117 1557 150 
45 64 622 296 843 
45 1777 493 1915 615 
45 373 648 558 817 
45 698 122 742 160 
45 811 140 846 165 
45 1229 139 1285 180 
45 634 144 663 167 
45 1131 123 1173 152 
45 1192 170 1255 225 
45 813 99 843 118 
45 643 139 674 165 
45 1192 168 1256 224 
45 806 92 834 106 
45 1275 73 1310 93 
45 1176 87 1207 114 
45 807 134 844 159 
45 806 107 832 121 
45 993 17 1017 44 
45 737 75 760 94 
45 1190 86 1213 98 
46 1537 517 1713 637 
46 1609 137 1678 175 
46 1428 258 1518 326 
46 1841 173 1915 213 
46 773 122 811 147 
46 1449 102 1492 129 
46 764 196 811 234 
46 1180 105 1224 139 
46 698 95 732 119 
46 766 123 800 147 
46 705 102 737 125 
46 700 109 735 133 
46 619 173 674 218 
46 1131 116 1184 159 
46 619 171 674 218 
46 697 104 728 124 
46 1131 118 1183 160 
46 711 120 746 141 
47 1587 295 1689 365 
47 1654 610 1880 771 
47 1664 148 1746 192 
47 1529 117 1578 150 
47 714 162 769 196 
47 467 243 559 329 
47 641 166 684 199 
47 1403 90 1444 115 
47 650 316 734 386 
47 1888 170 1919 213 
47 1287 179 1349 217 
47 1297 270 1377 335 
47 414 256 467 294 
47 655 112 696 151 
47 771 118 798 131 
47 778 117 805 138 
48 139 386 266 461 
48 1188 179 1236 220 
48 1569 129 1622 163 
48 640 232 703 279 
48 291 686 498 879 
48 1458 100 1503 127 
48 521 240 587 287 
48 591 143 644 187 
48 1695 145 1796 197 
48 715 160 761 192 
48 90 470 262 622 
48 1356 80 1394 104 
48 1328 294 1423 370 
48 89 456 263 624 
48 1388 183 1446 229 
48 721 113 755 139 
48 135 447 271 575 
48 721 155 764 184 
48 1208 127 1257 163 
48 709 115 742 131 
48 1386 184 1446 232 
48 1210 134 1252 163 
48 1332 293 1423 371 
48 133 449 270 574 
48 588 142 640 188 
49 1796 167 1894 209 
49 277 393 389 474 
49 1439 403 1575 495 
49 466 372 562 452 
49 490 192 556 250 
49 1591 125 1659 172 
49 1209 188 1267 236 
49 1500 112 1549 142 
49 1390 88 1431 114 
49 646 225 697 271 
49 1680 396 1920 664 
49 1307 74 1343 103 
49 1404 88 1438 114 
49 1170 96 1205 121 
49 647 153 695 194 
49 1131 136 1170 166 
49 1272 135 1321 168 
49 845 97 874 121 
49 1699 382 1920 649 
49 1132 135 1171 165 
49 754 88 788 113 
49 649 146 692 183 
50 0 793 144 1015 
50 1424 229 1603 376 
50 1652 143 1723 184 
50 1503 109 1565 146 
50 322 261 427 354 
50 479 362 569 442 
50 1429 94 1474 125 
50 1226 364 1317 433 
50 561 225 614 266 
50 1574 245 1629 320 
50 566 174 616 209 
50 813 127 855 159 
50 1457 421 1598 529 
50 700 113 754 142 
50 1148 133 1192 170 
50 1259 233 1330 284 
50 1455 420 1599 525 
50 1211 99 1246 125 
50 1258 232 1330 284 
50 1145 135 1192 170 
51 5 770 179 985 
51 1440 92 1487 126 
51 1359 550 1516 672 
51 1556 121 1612 158 
51 0 413 132 589 
51 1263 231 1334 291 
51 1376 84 1415 111 
51 644 136 701 186 
51 1286 72 1318 93 
51 767 180 820 225 
51 1308 162 1415 255 
51 1102 103 1147 134 
51 359 352 456 427 
51 1111 188 1167 235 
51 777 88 804 105 
51 457 230 521 278 
51 1170 160 1215 191 
51 456 231 521 278 
51 1398 165 1441 216 
51 1107 189 1163 235 
51 662 57 690 87 
51 1168 158 1215 190 
51 722 35 737 63 
51 355 351 452 428 
52 1478 105 1528 139 
52 1437 401 1579 513 
52 1393 82 1439 113 
52 1173 153 1228 194 
52 1237 114 1310 188 
52 562 212 621 259 
52 731 114 766 139 
52 677 284 758 356 
52 260 330 356 400 
52 1060 127 1101 158 
52 1174 267 1248 323 
52 1172 266 1248 324 
52 259 329 356 402 
52 1059 128 1100 157 
52 778 89 807 111 
52 1325 77 1362 97 
53 1508 463 1696 598 
53 1419 88 1459 124 
53 453 228 521 272 
53 1621 321 1746 399 
53 1186 91 1253 146 
53 1100 165 1150 206 
53 366 314 479 411 
53 399 577 583 749 
53 731 115 772 137 
53 1334 73 1370 102 
53 1270 237 1358 304 
53 661 153 712 189 
53 1125 115 1159 148 
53 1274 238 1357 306 
54 0 650 36 781 
54 1182 167 1236 211 
54 1359 82 1395 107 
54 780 120 815 138 
54 1283 64 1319 89 
54 679 145 724 171 
54 1412 204 1476 252 
54 1286 250 1380 323 
54 243 327 346 401 
54 777 125 812 140 
54 581 225 634 267 
54 1066 120 1107 145 
54 242 327 347 403 
54 582 224 635 266 
54 1162 80 1204 118 
54 685 141 730 168 
55 372 378 475 458 
55 1194 172 1249 217 
55 1133 121 1181 158 
55 1240 59 1271 84 
55 1304 72 1342 99 
55 608 194 655 231 
55 1301 143 1351 182 
55 724 159 774 189 
55 782 49 797 64 
55 776 52 796 72 
55 777 59 800 74 
56 1735 329 1917 532 
56 1239 108 1272 137 
56 1267 63 1297 84 
56 1139 121 1183 159 
56 473 276 545 329 
56 656 221 711 263 
56 749 78 771 100 
56 1105 92 1145 120 
56 749 83 765 98 
56 472 278 540 334 
56 754 79 779 100 
56 1208 48 1234 67 
56 752 85 775 100 
56 658 221 711 263 
56 751 72 773 93 
57 1500 219 1704 370 
57 169 463 307 562 
57 1101 95 1146 125 
57 482 354 581 429 
57 1227 62 1259 80 
57 726 94 754 112 
57 810 90 841 107 
58 5 763 194 968 
58 1385 590 1560 734 
58 1387 159 1525 270 
58 1778 310 1916 500 
58 680 115 710 140 
58 780 107 817 131 
58 1067 71 1109 102 
58 782 102 817 124 
59 1383 384 1507 468 
59 1557 228 1782 389 
59 745 139 786 168 
59 1310 118 1410 208 
59 609 143 659 180 
59 1612 392 1794 511 
59 1177 271 1253 337 
59 745 89 772 115 
59 1530 216 1620 314 
59 690 104 728 125 
59 755 89 774 103 
59 741 100 768 123 
60 1397 161 1553 277 
60 1548 313 1705 453 
60 682 185 736 225 
60 1832 419 1918 500 
60 1261 97 1332 166 
60 1216 217 1285 265 
60 1102 168 1152 209 
60 517 202 576 244 
60 1387 240 1482 309 
60 664 137 717 172 
60 818 85 849 106 
60 670 132 717 164 
60 642 135 691 165 
60 687 179 735 213 
60 779 52 794 65 
60 741 75 763 93 
60 759 66 782 87 
60 677 141 719 177 
