1 1384 300 1466 363 
1 1199 173 1271 226 
1 817 144 852 165 
1 1166 122 1208 154 
1 1899 533 1920 587 
1 779 134 812 155 
1 1173 121 1216 153 
1 785 137 821 158 
1 1084 86 1112 104 
1 748 90 771 111 
1 790 138 836 162 
1 1011 75 1038 95 
1 786 127 821 147 
1 756 95 786 115 
31 1492 293 1603 367 
31 1507 522 1677 635 
31 775 193 824 224 
31 1248 214 1304 258 
31 1147 141 1196 183 
31 771 188 819 218 
31 739 162 776 185 
31 1130 105 1165 128 
31 1138 96 1167 120 
31 748 160 782 183 
31 778 184 824 211 
31 847 110 869 128 
31 1132 94 1160 120 
61 704 284 767 340 
61 1536 557 1742 707 
61 1799 441 1917 587 
61 1330 210 1392 255 
61 1264 287 1339 344 
61 690 199 742 238 
61 666 101 690 115 
61 672 101 696 115 
61 829 138 859 159 
61 1164 169 1212 198 
61 1164 168 1213 198 
61 688 203 740 239 
61 739 140 783 171 
61 1796 441 1917 578 
61 1263 288 1340 344 
91 1262 293 1350 364 
91 1464 266 1568 349 
91 608 114 642 133 
91 673 143 725 189 
91 594 284 662 334 
91 803 175 832 200 
91 438 564 587 697 
91 714 177 756 212 
91 1241 166 1286 200 
91 1085 90 1117 121 
91 1156 200 1203 232 
91 1152 200 1201 233 
91 1120 145 1163 164 
91 667 144 713 183 
91 1244 165 1286 199 
91 436 566 586 702 
91 1082 98 1116 126 
121 1302 540 1509 710 
121 1624 631 1862 780 
121 1319 197 1389 251 
121 361 480 487 578 
121 703 167 758 207 
121 744 239 796 283 
121 841 117 869 138 
121 1178 134 1219 162 
121 653 233 702 274 
121 1155 199 1204 244 
121 616 184 673 232 
121 622 180 679 233 
121 1057 82 1090 108 
121 750 120 780 143 
121 821 117 850 136 
121 653 232 702 274 
121 744 122 772 144 
121 631 96 662 118 
121 1064 85 1096 102 
121 722 89 739 103 
121 720 81 737 98 
121 1107 156 1139 173 
121 717 84 736 106 
151 1595 577 1805 723 
151 1232 147 1278 196 
151 1300 323 1395 390 
151 646 231 700 273 
151 1595 346 1708 423 
151 1107 255 1189 328 
151 813 149 847 170 
151 1099 155 1133 187 
151 612 401 707 485 
151 1143 113 1176 136 
151 520 233 600 310 
151 516 340 607 408 
151 516 341 606 406 
151 703 142 744 175 
151 1097 151 1127 181 
151 518 235 598 309 
151 782 145 814 165 
151 653 179 692 217 
151 766 135 801 159 
151 703 144 743 174 
151 606 205 652 232 
151 837 126 864 148 
151 751 126 786 150 
151 616 201 664 234 
151 613 401 705 486 
181 1532 400 1707 512 
181 147 617 344 769 
181 519 325 598 398 
181 578 227 634 263 
181 1175 220 1232 260 
181 650 178 694 209 
181 1258 469 1377 563 
181 522 261 585 319 
181 775 190 822 219 
181 1287 296 1367 371 
181 735 173 766 202 
181 1373 232 1441 278 
181 310 338 445 456 
181 379 292 447 340 
181 614 110 642 129 
181 1044 170 1094 214 
181 1178 121 1221 163 
181 1046 170 1098 216 
181 1176 127 1220 162 
181 742 175 775 204 
181 778 117 803 133 
181 1534 394 1707 507 
211 1305 242 1392 305 
211 171 562 347 714 
211 75 441 202 532 
211 1881 878 1918 987 
211 1113 265 1179 318 
211 450 312 521 366 
211 1613 450 1796 565 
211 568 217 633 267 
211 320 374 429 470 
211 659 227 712 265 
211 723 262 780 307 
211 1165 209 1221 251 
211 1098 165 1151 195 
211 756 147 786 167 
211 836 109 860 129 
211 662 169 702 207 
211 1259 173 1304 206 
211 1142 112 1177 137 
211 748 135 780 160 
211 842 104 865 124 
211 755 130 787 152 
211 0 610 48 782 
211 1163 208 1218 251 
211 1257 174 1305 206 
211 662 172 706 206 
211 0 612 47 783 
211 790 185 830 221 
211 720 259 778 306 
211 1831 181 1916 293 
241 148 492 290 595 
241 572 428 675 517 
241 1322 347 1441 439 
241 1679 387 1824 469 
241 581 215 638 261 
241 422 293 513 372 
241 1047 185 1107 221 
241 1188 175 1242 218 
241 1350 268 1439 334 
241 528 334 609 405 
241 735 255 789 300 
241 733 256 788 299 
241 699 149 736 171 
241 710 182 753 211 
241 707 142 741 162 
241 528 336 609 405 
241 804 136 845 162 
241 1191 136 1229 162 
241 1349 268 1440 333 
241 1042 184 1103 222 
241 701 186 748 217 
241 1101 152 1151 186 
241 705 155 744 179 
241 1103 152 1150 186 
271 88 664 300 839 
271 444 296 528 356 
271 1434 256 1501 300 
271 77 472 274 625 
271 639 245 693 293 
271 666 172 709 200 
271 1141 122 1179 168 
271 600 419 693 502 
271 780 173 823 198 
271 1183 222 1234 269 
271 1186 222 1238 267 
271 1226 198 1283 239 
271 1225 196 1279 239 
271 601 421 695 498 
271 667 172 709 202 
271 638 244 689 293 
271 1019 148 1059 171 
271 1139 122 1182 164 
271 1024 144 1069 168 
271 781 171 824 199 
301 1494 388 1611 471 
301 477 383 570 456 
301 734 234 789 275 
301 596 211 652 246 
301 142 459 304 582 
301 1291 189 1348 221 
301 1087 164 1147 194 
301 1153 152 1197 187 
301 1153 151 1198 188 
301 816 137 844 160 
301 1020 118 1046 132 
301 1086 163 1150 195 
301 140 459 302 584 
301 696 157 733 180 
301 758 145 796 177 
301 1006 116 1033 133 
301 1025 116 1054 133 
301 1102 106 1140 137 
331 1 824 151 1052 
331 616 371 700 445 
331 637 189 686 223 
331 1115 121 1148 152 
331 789 173 828 197 
331 506 272 573 323 
331 1302 247 1360 296 
331 1414 446 1557 546 
331 711 182 758 223 
331 1218 150 1254 176 
331 786 178 823 200 
331 710 118 735 133 
331 508 272 573 325 
331 1418 445 1556 548 
331 711 182 756 224 
331 705 117 733 138 
331 788 118 816 137 
361 1220 260 1288 312 
361 627 242 692 307 
361 305 398 413 478 
361 136 886 366 1058 
361 731 222 779 259 
361 552 242 609 283 
361 1188 181 1239 216 
361 765 143 803 166 
361 661 143 697 166 
361 1051 104 1092 129 
361 760 147 798 168 
361 777 134 804 150 
361 1171 121 1202 142 
361 767 151 802 170 
391 593 320 668 382 
391 409 330 493 398 
391 1868 295 1917 364 
391 731 175 772 199 
391 446 380 551 488 
391 605 174 648 202 
391 1102 192 1178 222 
391 635 102 663 118 
391 1123 182 1182 210 
421 1 860 61 1071 
421 1377 400 1489 482 
421 39 562 204 684 
421 517 221 578 264 
421 248 579 408 713 
421 1648 228 1751 285 
421 1071 148 1118 169 
421 653 212 722 252 
421 773 149 799 171 
421 778 140 802 159 
421 588 117 614 136 
421 688 89 707 106 
421 689 93 711 105 
421 1645 229 1746 283 
451 1465 358 1573 439 
451 573 297 643 352 
451 1828 294 1920 350 
451 1510 183 1581 232 
451 1204 240 1265 289 
451 624 192 671 219 
451 770 144 804 165 
451 726 172 759 201 
451 677 134 711 157 
451 348 303 431 359 
451 774 138 804 156 
451 347 300 435 360 
451 727 173 764 200 
451 672 139 705 161 
481 343 478 472 580 
481 0 502 112 604 
481 1382 406 1513 503 
481 1627 230 1703 272 
481 1279 237 1350 282 
481 1416 150 1479 187 
481 666 218 716 263 
481 1789 282 1904 341 
481 509 258 568 299 
481 622 168 658 191 
481 608 106 630 125 
481 513 257 571 297 
481 719 176 759 200 
481 665 220 716 264 
481 818 153 848 174 
481 775 133 801 158 
481 819 152 850 176 
511 240 386 348 459 
511 1602 224 1685 268 
511 645 148 705 205 
511 1500 185 1565 224 
511 1187 177 1234 212 
511 1349 125 1394 162 
511 1784 287 1891 342 
511 1207 241 1281 302 
511 555 303 630 374 
511 780 197 820 230 
511 1837 868 1920 986 
511 533 217 584 250 
511 557 302 629 372 
511 526 215 580 250 
511 745 150 782 184 
511 777 196 819 228 
511 742 156 779 190 
511 814 99 839 118 
511 665 218 721 255 
511 708 200 750 232 
511 668 219 719 253 
541 1324 353 1429 432 
541 563 199 634 267 
541 1489 181 1547 219 
541 567 305 641 362 
541 697 274 768 341 
541 735 164 776 187 
541 1296 114 1334 141 
541 279 506 423 630 
541 1125 173 1174 213 
541 1592 225 1668 267 
541 682 199 735 242 
541 803 110 825 128 
541 1460 336 1579 425 
541 361 300 439 357 
541 616 249 678 293 
541 1126 172 1174 212 
541 267 519 411 648 
541 363 299 440 357 
541 1455 336 1573 430 
541 1404 150 1456 182 
541 625 249 687 294 
541 1138 142 1178 163 
541 1593 224 1669 266 
541 733 155 771 183 
541 748 114 771 130 
571 1388 410 1504 496 
571 0 521 78 628 
571 397 282 511 387 
571 316 512 452 620 
571 1524 410 1654 489 
571 1403 151 1450 178 
571 479 374 572 446 
571 479 513 620 665 
571 678 199 733 232 
571 585 265 662 337 
571 1484 178 1540 215 
571 1774 241 1914 342 
571 1733 413 1920 545 
571 1080 143 1120 167 
571 784 126 813 147 
571 743 163 776 183 
571 1281 222 1346 277 
571 1341 131 1378 159 
571 1242 103 1282 130 
571 1738 412 1920 541 
571 1187 232 1240 269 
571 1772 244 1916 343 
571 1279 223 1347 277 
571 1187 232 1241 267 
601 1726 480 1908 589 
601 28 691 258 881 
601 1342 131 1375 158 
601 1585 183 1663 258 
601 1397 145 1447 176 
601 682 202 732 234 
601 750 153 789 182 
601 595 270 659 320 
601 0 474 200 731 
601 1284 113 1320 137 
601 370 429 509 552 
601 1464 274 1574 345 
601 1338 128 1370 152 
601 1191 164 1234 202 
601 1307 252 1368 294 
601 1211 244 1268 289 
601 1212 244 1268 288 
601 649 174 684 196 
601 367 427 506 553 
601 3 474 202 733 
601 656 177 691 198 
601 1112 170 1153 196 
601 597 270 662 323 
601 1306 252 1367 296 
601 1463 275 1576 342 
601 641 167 677 192 
601 1106 170 1149 196 
601 1189 166 1234 204 
601 602 115 626 134 
631 1405 292 1490 347 
631 400 436 503 525 
631 1332 204 1403 254 
631 590 272 654 325 
631 1287 112 1325 134 
631 554 205 589 240 
631 1193 183 1243 217 
631 1132 135 1174 162 
631 1070 137 1111 160 
631 589 214 641 254 
631 1343 130 1377 152 
631 1123 174 1171 210 
631 702 195 749 231 
631 1463 146 1524 209 
631 1352 131 1386 150 
631 703 192 750 230 
631 626 104 646 120 
631 1463 146 1525 204 
631 593 217 648 259 
661 460 303 531 356 
661 389 290 458 332 
661 376 451 494 544 
661 1255 210 1319 249 
661 615 250 681 312 
661 1083 148 1118 166 
661 621 114 648 131 
661 1129 151 1177 169 
661 1284 113 1324 138 
661 1381 123 1427 170 
661 1100 115 1133 140 
661 1382 122 1427 170 
661 614 114 637 131 
661 756 97 780 114 
661 1078 151 1112 170 
661 1200 101 1240 125 
691 153 492 301 597 
691 1 496 119 597 
691 1624 355 1789 467 
691 1774 271 1887 335 
691 425 402 541 501 
691 1323 107 1361 143 
691 727 107 755 127 
691 1161 163 1226 197 
691 765 108 791 127 
691 1394 409 1511 497 
691 1396 411 1512 497 
691 749 107 778 125 
691 1100 120 1131 138 
691 1055 117 1082 132 
691 779 110 800 126 
691 1095 119 1125 133 
721 1699 532 1889 647 
721 1598 211 1677 261 
721 1417 447 1560 543 
721 1216 244 1274 293 
721 1129 136 1170 162 
721 1387 234 1475 297 
721 806 112 829 131 
721 851 104 879 127 
721 804 109 824 128 
721 1138 129 1176 156 
721 820 106 843 125 
721 1388 234 1476 297 
721 1057 100 1086 117 
751 1382 297 1469 359 
751 1484 172 1542 212 
751 1220 261 1285 307 
751 1266 169 1328 217 
751 1099 115 1135 138 
751 1125 174 1168 209 
751 845 116 872 139 
751 684 155 730 181 
751 1121 174 1167 208 
751 1266 170 1331 216 
781 1467 346 1574 422 
781 1598 510 1775 619 
781 1739 196 1849 236 
781 585 176 659 234 
781 1408 145 1456 177 
781 1245 210 1298 248 
781 729 166 770 194 
781 1127 183 1174 217 
781 1804 274 1909 338 
781 1207 142 1250 176 
781 812 152 851 176 
781 1078 142 1110 164 
811 765 198 823 234 
811 471 289 547 341 
811 1298 236 1357 281 
811 1294 291 1369 351 
811 1595 214 1676 257 
811 1511 293 1631 373 
811 1338 123 1384 152 
811 1151 164 1208 193 
811 1613 172 1679 204 
811 1156 111 1205 148 
811 477 226 541 283 
811 668 217 718 258 
811 802 160 843 193 
811 667 217 719 257 
811 1078 150 1116 169 
841 1509 317 1603 380 
841 529 322 608 392 
841 706 278 771 328 
841 285 317 386 396 
841 1164 206 1213 244 
841 1483 175 1534 214 
841 1200 179 1249 212 
841 1533 154 1588 187 
841 1055 118 1082 137 
841 1172 201 1223 239 
841 1129 122 1157 147 
841 1047 114 1073 132 
841 113 489 269 607 
841 1127 136 1155 156 
841 1346 207 1419 260 
841 756 208 803 248 
841 1350 207 1420 261 
841 112 499 265 605 
841 1132 110 1157 128 
841 763 205 809 245 
871 57 654 274 848 
871 1734 437 1884 524 
871 525 486 648 592 
871 1459 139 1509 172 
871 1334 218 1395 261 
871 1392 142 1442 174 
871 1097 160 1145 188 
871 694 298 757 357 
871 1242 162 1297 198 
871 1146 146 1180 173 
871 697 300 758 359 
901 1444 272 1521 328 
901 473 552 611 677 
901 1401 127 1443 155 
901 1065 135 1107 160 
901 1330 122 1367 153 
901 1229 171 1277 202 
901 1176 138 1226 166 
901 1083 73 1108 98 
901 1073 131 1112 153 
901 1005 73 1031 94 
901 1083 86 1106 104 
901 1081 81 1109 108 
901 791 122 820 144 
901 785 128 811 150 
931 1657 187 1750 229 
931 1857 296 1920 350 
931 1355 117 1395 140 
931 717 179 757 204 
931 1303 202 1360 237 
931 1057 105 1108 128 
931 1157 138 1208 167 
931 751 148 789 184 
931 756 155 795 178 
931 807 116 827 129 
931 1147 118 1183 139 
931 1055 103 1095 125 
931 726 169 768 198 
931 756 153 795 180 
931 1279 109 1307 131 
931 760 148 799 175 
961 649 236 701 270 
961 1662 236 1747 281 
961 1542 167 1600 200 
961 1599 618 1791 746 
961 1301 107 1335 130 
961 1217 164 1268 187 
961 700 188 750 224 
961 613 181 659 225 
961 616 190 659 227 
961 699 186 751 225 
961 1229 103 1261 123 
961 752 145 786 166 
961 785 128 807 145 
991 1625 631 1841 776 
991 1586 359 1704 433 
991 1438 330 1550 409 
991 1532 196 1597 234 
991 1475 149 1520 180 
991 534 331 609 392 
991 624 240 700 299 
991 770 144 800 170 
991 517 259 582 314 
991 526 208 581 258 
991 1169 140 1208 160 
991 791 70 812 89 
991 1767 272 1878 334 
991 1293 324 1372 381 
991 728 173 765 199 
991 793 73 811 83 
991 781 73 798 90 
991 790 85 809 98 
991 1294 325 1374 383 
991 787 83 809 104 
991 725 173 763 202 
991 769 137 800 160 
991 1253 100 1287 124 
991 1765 275 1881 333 
1021 1594 224 1676 267 
1021 353 293 437 354 
1021 1384 239 1455 291 
1021 221 582 372 702 
1021 1298 325 1388 393 
1021 462 367 572 460 
1021 1890 299 1920 363 
1021 1447 165 1498 198 
1021 295 388 412 481 
1021 728 171 769 204 
1021 1398 131 1445 157 
1021 668 225 715 260 
1021 607 202 653 236 
1021 1181 223 1232 257 
1021 771 69 793 92 
1021 1204 97 1236 118 
1021 783 66 807 90 
1021 1269 218 1329 264 
1021 782 85 800 99 
1021 1267 219 1328 265 
1021 615 202 661 235 
1021 1078 83 1110 104 
1021 1074 87 1105 102 
1021 667 223 714 258 
1051 0 717 217 985 
1051 1671 233 1770 290 
1051 552 310 626 367 
1051 1498 185 1554 220 
1051 1 491 104 616 
1051 1792 450 1917 551 
1051 676 217 730 258 
1051 503 267 575 323 
1051 620 106 646 126 
1051 1385 144 1424 170 
1051 757 72 788 99 
1051 1183 219 1237 259 
1051 1340 119 1379 141 
1051 587 216 645 251 
1051 815 105 852 130 
1051 1112 170 1152 196 
1051 1263 186 1317 221 
1051 1263 187 1317 221 
1051 822 107 861 131 
1051 632 107 656 126 
1051 1180 165 1222 201 
1081 290 520 434 636 
1081 570 299 645 360 
1081 1101 169 1159 199 
1081 1471 278 1561 338 
1081 1366 383 1499 500 
1081 1531 194 1604 239 
1081 1331 128 1366 149 
1081 467 293 542 346 
1081 1411 153 1459 184 
1081 741 79 772 114 
1081 748 80 780 115 
1081 254 411 371 509 
1081 1341 127 1375 148 
1081 254 408 370 512 
1081 710 149 740 171 
1081 744 94 774 118 
1081 1203 155 1243 176 
1081 463 293 537 347 
1111 1648 374 1775 452 
1111 165 474 314 572 
1111 325 491 469 610 
1111 1328 204 1386 244 
1111 1450 159 1508 200 
1111 657 184 699 205 
1111 1747 213 1902 330 
1111 1354 132 1396 160 
1111 1059 137 1104 160 
1111 714 94 748 135 
1111 1735 215 1842 308 
1111 1282 116 1315 137 
1111 756 157 792 179 
1111 1185 225 1258 284 
1111 1185 225 1259 284 
1111 808 153 841 183 
1111 806 157 839 184 
1141 1212 387 1320 498 
1141 1481 369 1609 461 
1141 664 105 709 163 
1141 1102 163 1154 202 
1141 1413 244 1480 293 
1141 766 195 816 238 
1141 1241 162 1285 194 
1141 779 107 804 126 
1141 1300 118 1335 140 
1141 1384 139 1426 170 
1141 700 189 747 229 
1141 776 111 799 127 
1141 557 234 633 274 
1141 749 151 779 180 
1141 1049 110 1076 128 
1141 742 155 777 185 
1141 1236 163 1283 194 
1141 768 197 817 238 
1141 701 185 749 230 
1141 1668 170 1719 259 
1141 1686 171 1729 256 
1171 605 121 665 200 
1171 424 330 504 389 
1171 1327 120 1366 151 
1171 678 198 735 234 
1171 1098 231 1153 286 
1171 698 264 768 340 
1171 1181 138 1219 163 
1171 1045 130 1100 155 
1171 608 259 671 311 
1171 1274 230 1351 279 
1171 1268 230 1348 279 
1171 753 123 776 143 
1171 608 261 671 311 
1171 1284 180 1334 219 
1171 1259 107 1296 128 
1171 1186 133 1220 156 
1171 1282 180 1336 219 
1171 691 273 760 339 
1201 501 155 591 263 
1201 8 581 179 713 
1201 584 275 652 329 
1201 392 424 515 529 
1201 504 455 648 606 
1201 1049 164 1094 205 
1201 1183 163 1230 198 
1201 1146 114 1179 137 
1201 1427 115 1463 191 
1201 1457 114 1487 191 
1201 1445 115 1481 189 
1201 1418 117 1450 188 
1201 1036 109 1067 130 
1201 507 457 650 605 
1201 705 148 740 179 
1201 1183 164 1228 198 
1201 1216 149 1255 173 
1231 1583 352 1706 427 
1231 1737 262 1824 310 
1231 313 238 432 374 
1231 307 286 395 382 
1231 351 451 473 551 
1231 1119 132 1161 159 
1231 1353 102 1419 159 
1231 638 194 682 227 
1231 1012 130 1052 161 
1231 1160 126 1196 147 
1231 1132 128 1173 155 
1261 1389 239 1458 292 
1261 1567 206 1639 246 
1261 810 153 848 177 
1261 520 270 579 322 
1261 1089 107 1127 130 
1261 809 93 839 112 
1261 519 270 578 320 
1261 1203 97 1236 124 
1291 197 469 334 567 
1291 768 198 819 235 
1291 1471 166 1519 199 
1291 787 119 816 136 
1291 1269 186 1328 219 
1291 1054 89 1091 111 
1291 984 82 1011 115 
1291 1269 187 1329 219 
1291 819 71 845 89 
1321 1734 421 1902 520 
1321 691 301 759 354 
1321 1389 141 1438 168 
1321 758 141 790 162 
1321 1052 74 1083 96 
1321 1223 75 1266 119 
1321 762 138 795 160 
1321 1125 78 1174 100 
1351 408 611 570 750 
1351 1406 434 1536 522 
1351 1450 266 1536 331 
1351 1329 124 1366 146 
1351 1168 137 1201 157 
1351 719 170 766 196 
1351 1190 74 1226 114 
1351 718 170 762 198 
1351 1083 74 1111 95 
1351 816 88 844 110 
1381 1576 602 1800 760 
1381 1515 396 1669 495 
1381 1311 201 1375 245 
1381 1242 272 1305 324 
1381 750 144 786 172 
1381 1270 111 1304 133 
1381 655 219 710 259 
1381 798 104 830 125 
1381 755 88 794 121 
1381 654 220 709 260 
1381 1320 201 1381 245 
1381 1030 60 1057 77 
1381 1240 271 1303 324 
1381 1036 58 1053 70 
1411 1700 184 1834 236 
1411 1772 820 1916 1006 
1411 1281 313 1372 392 
1411 1598 953 1908 1076 
1411 703 183 750 227 
1411 535 318 607 381 
1411 1306 248 1380 309 
1411 1223 160 1275 191 
1411 1153 196 1198 232 
1411 772 114 805 138 
1411 1156 198 1199 231 
1411 726 103 771 131 
1411 1223 101 1259 121 
1411 737 104 784 134 
1441 1781 203 1850 240 
1441 1331 367 1432 444 
1441 1761 563 1915 710 
1441 603 255 668 317 
1441 189 572 357 703 
1441 1161 213 1221 260 
1441 1095 158 1138 187 
1441 1199 386 1329 492 
1441 1570 163 1666 211 
1441 1175 138 1217 163 
1441 707 118 752 154 
1441 1199 178 1248 225 
1441 781 89 807 110 
1441 787 89 805 101 
1441 1769 565 1915 709 
1441 767 90 789 114 
1441 1199 181 1248 224 
1441 746 144 776 168 
1471 1096 237 1164 297 
1471 1599 601 1823 734 
1471 1197 237 1255 281 
1471 1314 544 1488 707 
1471 1614 180 1686 220 
1471 1099 166 1146 199 
1471 364 426 498 541 
1471 687 199 745 230 
1471 1491 147 1560 190 
1471 1393 297 1495 377 
1471 660 133 736 183 
1471 755 104 786 130 
1471 662 136 733 181 
1471 1390 298 1494 376 
1471 364 424 504 550 
1471 1147 141 1184 172 
1471 1146 127 1181 173 
1471 770 100 796 123 
1501 1542 316 1664 398 
1501 1699 195 1791 233 
1501 1130 288 1214 366 
1501 1295 318 1384 380 
1501 598 276 666 328 
1501 1428 133 1486 171 
1501 1531 163 1577 197 
1501 624 161 687 222 
1501 1243 206 1306 254 
1501 1046 175 1101 217 
1501 798 106 830 125 
1501 1120 173 1164 208 
1501 1057 132 1107 164 
1501 1106 110 1149 144 
1501 587 171 631 214 
1501 699 139 754 162 
1501 587 169 633 214 
1501 1121 171 1163 208 
1501 809 100 838 120 
1531 493 219 545 268 
1531 1586 174 1645 212 
1531 1182 215 1229 255 
1531 1787 195 1847 243 
1531 1458 143 1507 177 
1531 530 200 627 291 
1531 1367 120 1418 152 
1531 353 471 474 583 
1531 671 162 715 192 
1531 1064 197 1120 244 
1531 1406 413 1550 523 
1531 775 120 810 140 
1531 1173 159 1214 192 
1531 1353 221 1422 263 
1531 1404 411 1547 520 
1531 354 474 480 586 
1531 1352 220 1420 265 
1531 674 156 722 186 
1531 1072 147 1117 173 
1531 530 211 626 289 
1531 689 96 711 107 
1531 1025 136 1058 171 
1561 1631 176 1712 223 
1561 1465 795 1740 1013 
1561 356 322 460 425 
1561 1517 156 1560 190 
1561 1107 160 1152 194 
1561 1400 130 1442 160 
1561 1582 617 1775 745 
1561 374 271 504 394 
1561 1218 251 1296 309 
1561 1314 108 1364 135 
1561 1711 518 1918 676 
1561 673 141 712 180 
1561 310 300 393 376 
1561 1243 168 1296 199 
1561 1039 156 1085 187 
1561 746 149 784 175 
1561 611 205 664 238 
1561 344 285 472 389 
1561 610 203 665 238 
1561 1125 123 1163 157 
1561 1713 519 1917 672 
1561 633 103 666 123 
1561 1118 151 1157 185 
1591 0 461 221 753 
1591 1534 160 1596 201 
1591 501 277 567 318 
1591 699 196 752 229 
1591 621 166 664 226 
1591 1283 323 1364 381 
1591 1394 293 1506 378 
1591 1439 141 1490 171 
1591 1347 117 1390 145 
1591 1132 178 1185 218 
1591 477 237 537 282 
1591 1180 135 1225 161 
1591 1175 336 1258 411 
1591 802 107 828 129 
1591 1180 338 1262 409 
1591 804 103 829 122 
1591 225 490 257 589 
1591 1267 102 1310 131 
1591 1058 138 1093 159 
1621 605 275 670 324 
1621 286 417 391 490 
1621 1462 143 1515 180 
1621 1371 126 1410 151 
1621 287 341 375 403 
1621 1259 209 1322 266 
1621 1161 220 1220 256 
1621 1296 109 1329 130 
1621 527 254 584 294 
1621 1142 112 1176 135 
1621 1282 506 1422 612 
1621 1229 102 1267 123 
1621 544 203 595 251 
1621 1085 217 1142 256 
1621 783 125 814 141 
1621 634 202 685 233 
1621 999 94 1033 128 
1621 636 199 685 233 
1621 1085 216 1142 256 
1621 1280 504 1424 611 
1621 530 252 587 294 
1621 779 129 810 145 
1651 1644 472 1820 585 
1651 360 474 483 578 
1651 407 272 474 326 
1651 1361 396 1487 478 
1651 1182 167 1226 203 
1651 1323 115 1358 136 
1651 751 151 789 177 
1651 1319 555 1524 717 
1651 1118 267 1185 321 
1651 336 352 428 440 
1651 541 259 604 307 
1651 1402 130 1449 163 
1651 766 107 796 133 
1651 746 157 787 180 
1651 1313 116 1350 137 
1651 769 112 794 130 
1651 1103 163 1145 196 
1651 1027 162 1075 191 
1651 1093 165 1131 194 
1651 764 104 790 128 
1651 1118 268 1183 323 
1651 540 260 603 307 
1651 775 107 797 125 
1651 1102 165 1144 194 
1651 819 91 838 103 
1651 1027 158 1078 191 
1651 1316 551 1525 721 
1651 337 353 432 439 
1681 1667 190 1753 228 
1681 1044 180 1097 222 
1681 1344 119 1391 145 
1681 127 403 259 503 
1681 344 384 435 460 
1681 1208 247 1268 296 
1681 1127 282 1211 354 
1681 690 195 745 227 
1681 1372 285 1457 348 
1681 1130 137 1167 167 
1681 811 97 840 117 
1681 614 111 637 129 
1681 1137 136 1170 168 
1681 698 188 748 220 
1681 1371 283 1457 348 
1681 1071 141 1109 163 
1681 1132 282 1213 349 
1681 737 124 763 151 
1681 810 109 835 125 
1681 690 191 748 228 
1711 1556 169 1617 199 
1711 1544 563 1730 688 
1711 614 264 681 311 
1711 1061 190 1116 235 
1711 1124 183 1174 218 
1711 808 98 836 121 
1711 1297 109 1333 132 
1711 1245 202 1304 246 
1711 799 104 829 127 
1711 701 151 730 178 
1711 1244 204 1301 249 
1741 1237 428 1349 530 
1741 426 420 534 499 
1741 1473 151 1522 183 
1741 747 154 784 175 
1741 1522 314 1624 375 
1741 1270 296 1352 360 
1741 1024 145 1061 177 
1741 623 105 649 124 
1741 743 150 779 169 
1741 635 185 679 221 
1741 1175 164 1219 194 
1741 789 115 811 132 
1741 787 119 814 141 
1741 638 187 677 222 
1741 1081 147 1117 170 
1741 738 145 775 167 
1741 630 105 656 124 
1771 1564 595 1752 720 
1771 1498 321 1642 464 
1771 1152 207 1207 245 
1771 1401 134 1445 165 
1771 690 191 745 224 
1771 1122 134 1165 159 
1771 751 148 793 176 
1771 1353 224 1413 261 
1771 535 244 596 294 
1771 1094 238 1151 288 
1771 1094 239 1150 287 
1771 538 243 598 291 
1771 711 184 753 213 
1771 1000 118 1028 138 
1771 1008 118 1035 138 
1771 1210 100 1244 121 
