1 1245 494 1320 535 
1 469 490 571 520 
1 373 508 455 540 
1 905 479 977 511 
1 797 470 830 492 
1 1074 485 1139 513 
1 1462 504 1534 539 
1 1170 524 1217 557 
1 802 467 837 488 
31 704 481 781 509 
31 593 504 677 539 
31 470 492 554 517 
31 1175 525 1219 558 
31 1441 506 1513 541 
31 796 472 835 494 
31 687 483 771 513 
31 1369 500 1426 529 
31 1105 464 1188 507 
31 1334 490 1376 515 
31 1389 499 1438 524 
31 1326 500 1361 520 
31 1396 502 1445 531 
31 1107 466 1186 506 
61 477 486 568 521 
61 1271 776 1424 899 
61 1170 526 1214 558 
61 811 502 896 536 
61 955 479 1041 509 
61 1096 486 1163 515 
61 1379 486 1432 520 
61 760 478 822 500 
61 1368 479 1422 514 
61 726 485 760 499 
91 1185 641 1277 718 
91 470 493 565 519 
91 1198 479 1261 511 
91 1039 507 1121 535 
91 1173 526 1212 556 
91 1483 500 1537 529 
91 619 478 675 500 
91 1438 495 1481 517 
91 796 470 858 503 
91 1483 499 1523 524 
91 855 429 871 457 
121 1510 741 1658 835 
121 1149 582 1215 637 
121 1260 500 1345 536 
121 431 483 484 509 
121 1173 525 1230 556 
121 1013 471 1086 507 
121 627 481 664 503 
121 703 480 748 498 
121 895 473 911 494 
121 647 480 689 502 
121 704 486 739 500 
121 891 472 904 493 
121 677 483 713 501 
121 639 479 682 500 
121 1159 520 1204 553 
121 459 486 498 511 
121 474 490 555 518 
121 610 483 642 503 
121 669 479 720 499 
151 367 486 428 509 
151 1399 640 1484 705 
151 1470 504 1541 542 
151 1124 551 1182 592 
151 464 485 549 517 
151 1120 480 1191 509 
151 1172 524 1208 556 
151 823 472 903 506 
151 1173 516 1210 546 
151 783 460 820 479 
151 775 465 822 485 
151 797 460 837 480 
181 1463 796 1629 907 
181 469 492 556 519 
181 1260 780 1393 879 
181 641 477 720 508 
181 1342 595 1415 644 
181 1112 539 1161 574 
181 731 465 776 490 
181 804 473 837 494 
181 750 463 781 484 
181 1171 525 1210 555 
211 1336 681 1443 753 
211 1205 683 1297 752 
211 764 476 829 506 
211 1169 527 1212 562 
211 459 476 564 517 
211 466 467 568 517 
211 1092 476 1163 514 
211 1100 531 1149 563 
211 1301 563 1365 608 
211 1091 474 1164 516 
211 1300 562 1367 607 
211 1480 499 1533 529 
241 1273 803 1408 913 
241 468 490 552 516 
241 1095 524 1151 560 
241 1167 620 1236 682 
241 1171 528 1215 558 
241 1281 624 1349 673 
241 1272 547 1336 583 
241 1162 526 1204 558 
241 800 470 834 489 
241 571 481 634 504 
271 1214 704 1313 783 
271 467 490 556 518 
271 687 477 766 506 
271 364 485 419 508 
271 1169 528 1214 557 
271 1096 520 1147 556 
271 1237 579 1296 630 
271 798 470 834 487 
271 1262 536 1308 569 
271 1145 584 1214 635 
271 1478 501 1537 528 
271 1256 531 1300 562 
271 1376 497 1429 525 
271 805 467 840 485 
271 1261 529 1305 553 
271 1161 522 1205 554 
301 1281 819 1418 936 
301 471 482 559 519 
301 800 469 834 489 
301 1097 520 1148 558 
301 1136 564 1189 612 
301 1183 643 1262 704 
301 1168 523 1212 556 
301 1175 529 1224 557 
301 1214 564 1268 606 
301 1252 531 1301 562 
301 1476 501 1539 529 
301 742 461 756 493 
331 1162 607 1227 660 
331 469 493 556 518 
331 1234 737 1339 825 
331 1474 499 1537 528 
331 800 471 831 489 
331 1097 517 1144 555 
331 1247 527 1294 562 
331 1130 552 1182 595 
331 1101 519 1150 563 
331 741 466 754 495 
361 1756 802 1919 909 
361 1209 687 1296 749 
361 468 491 557 518 
361 1147 586 1206 634 
361 1189 540 1237 574 
361 1199 541 1251 573 
361 1248 527 1298 559 
361 1476 498 1527 529 
361 798 471 832 488 
361 1106 522 1151 568 
391 1476 817 1650 942 
391 1568 670 1667 744 
391 1144 580 1199 618 
391 470 491 553 517 
391 1186 649 1260 704 
391 795 472 833 490 
391 612 462 649 491 
391 1134 572 1186 613 
391 1246 524 1297 557 
391 1103 524 1151 568 
391 1171 538 1234 568 
391 1187 646 1260 704 
391 600 464 645 494 
391 1100 529 1146 567 
391 1479 499 1532 529 
391 799 466 838 483 
421 1357 717 1484 806 
421 1477 608 1553 662 
421 1170 625 1234 676 
421 471 490 550 515 
421 791 472 830 490 
421 1137 558 1187 606 
421 358 497 395 519 
421 1245 520 1289 556 
421 1104 525 1149 567 
421 1171 534 1231 567 
421 281 489 334 633 
421 798 465 838 482 
451 1341 877 1522 1035 
451 1707 742 1874 852 
451 1315 661 1415 733 
451 1164 612 1229 658 
451 1653 993 1888 1080 
451 407 491 468 522 
451 1441 574 1502 615 
451 461 486 547 518 
451 1132 556 1177 598 
451 1394 501 1442 529 
451 1180 534 1233 567 
451 1105 524 1149 562 
451 1244 520 1289 554 
451 792 472 832 489 
451 1099 519 1142 549 
451 1461 493 1523 526 
481 1820 918 1920 1032 
481 1480 797 1633 908 
481 1561 648 1681 725 
481 450 491 559 523 
481 1280 623 1359 684 
481 1251 740 1379 845 
481 1420 546 1471 588 
481 1131 555 1174 594 
481 1158 599 1210 641 
481 1241 523 1286 554 
481 1106 522 1149 563 
481 1098 518 1141 549 
481 1392 502 1459 530 
481 1180 534 1233 566 
481 1120 547 1171 577 
481 794 471 831 487 
511 1556 727 1696 811 
511 466 491 564 522 
511 1210 679 1308 754 
511 1392 713 1503 795 
511 1481 601 1563 662 
511 1254 600 1328 649 
511 1390 502 1460 529 
511 1129 561 1172 592 
511 1430 533 1477 570 
511 1153 592 1215 636 
511 1137 558 1187 592 
511 1180 535 1230 566 
511 1245 518 1288 553 
511 1099 519 1140 548 
541 1429 652 1522 710 
541 466 491 562 521 
541 1338 662 1432 731 
541 1435 567 1504 622 
541 1188 640 1271 710 
541 1235 585 1304 631 
541 1394 504 1452 530 
541 797 470 832 489 
541 1152 590 1216 635 
541 1456 523 1526 564 
541 1130 564 1172 597 
541 1203 481 1259 510 
541 1104 524 1150 566 
541 1176 533 1233 568 
541 1146 584 1203 631 
541 798 465 836 484 
541 1132 571 1173 605 
571 466 491 563 521 
571 1176 626 1247 681 
571 1304 638 1385 695 
571 1409 545 1468 595 
571 1366 605 1439 655 
571 1499 520 1547 557 
571 1393 501 1461 530 
571 984 482 1048 510 
571 1145 583 1206 628 
571 792 473 830 489 
571 1227 571 1282 619 
571 1098 521 1137 550 
571 1141 580 1199 613 
571 1103 527 1145 563 
601 467 491 562 522 
601 1171 612 1238 668 
601 1278 613 1351 670 
601 1316 574 1383 620 
601 740 473 818 503 
601 1395 501 1460 530 
601 1217 564 1277 612 
601 1237 525 1290 560 
601 1154 581 1234 641 
601 1168 531 1229 567 
601 1105 526 1150 564 
601 1148 580 1211 629 
601 1142 575 1205 604 
601 1237 515 1287 552 
631 466 487 569 524 
631 1444 522 1501 565 
631 1169 608 1238 662 
631 1262 601 1326 650 
631 1290 562 1354 599 
631 1216 560 1273 606 
631 1388 501 1454 528 
631 793 470 833 487 
631 1455 516 1536 559 
631 1450 502 1540 548 
631 1097 518 1141 547 
631 1155 590 1231 644 
661 1534 862 1714 991 
661 467 491 559 521 
661 1508 521 1549 562 
661 1482 514 1526 558 
661 800 469 836 487 
661 1168 607 1236 658 
661 1493 516 1544 558 
661 1405 501 1473 525 
661 1228 557 1279 597 
661 1289 548 1340 581 
661 1214 560 1265 601 
661 1106 525 1152 565 
661 1130 558 1173 591 
661 1128 569 1168 597 
661 1099 519 1142 549 
691 1422 760 1548 852 
691 467 490 560 519 
691 1165 608 1234 660 
691 1398 501 1454 527 
691 1276 551 1328 580 
691 1660 1026 1889 1078 
691 1210 563 1271 617 
691 1132 559 1173 591 
691 800 472 833 490 
691 1129 568 1169 599 
691 1412 500 1467 524 
691 1104 527 1149 567 
691 1483 500 1531 531 
691 800 468 837 485 
721 1516 858 1700 987 
721 1367 709 1473 780 
721 469 489 568 524 
721 795 472 831 489 
721 1167 610 1236 661 
721 1390 501 1457 529 
721 1103 524 1150 564 
721 798 467 837 483 
751 1429 772 1580 879 
751 1330 668 1421 735 
751 481 494 577 526 
751 1389 501 1456 528 
751 796 471 833 488 
751 1130 558 1172 589 
751 1129 567 1168 595 
751 1105 525 1152 565 
751 1167 608 1236 659 
751 472 492 505 515 
751 1096 519 1141 549 
751 1385 500 1427 525 
781 1386 737 1503 829 
781 1354 932 1549 1071 
781 1305 655 1392 710 
781 470 492 557 518 
781 1393 501 1454 528 
781 1166 608 1235 660 
781 1129 557 1173 588 
781 1128 566 1168 593 
781 1097 520 1140 549 
781 576 498 650 527 
781 1104 524 1152 564 
811 1632 759 1798 867 
811 1267 798 1404 912 
811 1363 706 1478 783 
811 685 494 779 525 
811 1722 919 1920 1074 
811 468 491 554 517 
811 1291 632 1363 689 
811 1390 501 1461 528 
811 1233 584 1300 631 
811 1094 519 1139 549 
811 797 470 835 486 
811 1104 522 1152 565 
811 1131 556 1172 589 
841 1524 689 1638 764 
841 1584 779 1744 890 
841 1352 691 1453 766 
841 469 490 561 517 
841 1276 621 1347 676 
841 853 497 938 526 
841 1387 991 1661 1075 
841 1167 606 1238 657 
841 794 472 834 491 
841 1230 739 1342 832 
841 1388 501 1464 529 
841 1230 739 1343 831 
841 1096 520 1141 550 
841 1516 685 1592 747 
841 1105 523 1152 565 
841 1131 556 1172 589 
841 797 466 838 486 
841 1393 993 1649 1077 
871 1502 697 1638 790 
871 1451 646 1555 715 
871 1215 703 1315 783 
871 468 491 554 517 
871 1337 678 1433 750 
871 1721 1008 1920 1080 
871 1055 505 1128 532 
871 1274 619 1341 668 
871 795 472 832 488 
871 1390 501 1456 528 
871 1126 555 1170 587 
871 1119 553 1163 577 
871 1389 930 1659 1072 
871 1167 604 1239 657 
871 1116 539 1150 568 
871 799 465 838 482 
871 1287 846 1523 1049 
901 1551 862 1773 1008 
901 1456 665 1565 739 
901 467 492 557 518 
901 1412 619 1500 681 
901 1322 662 1418 736 
901 1201 676 1290 753 
901 1272 617 1341 662 
901 797 471 834 489 
901 1164 608 1237 662 
901 1336 820 1531 1041 
901 1392 502 1452 528 
901 1105 525 1151 565 
901 1280 828 1350 925 
901 1261 775 1436 876 
901 1096 520 1141 548 
901 1131 560 1175 592 
901 1472 499 1521 526 
931 1471 782 1629 903 
931 1417 639 1523 713 
931 1379 597 1459 654 
931 468 492 557 517 
931 1313 652 1397 718 
931 1275 763 1454 944 
931 798 470 833 488 
931 1169 611 1241 664 
931 1102 525 1149 566 
931 1265 614 1345 657 
931 1472 503 1515 528 
931 1243 725 1387 864 
931 1403 502 1465 528 
931 1194 664 1347 741 
961 1417 745 1548 845 
961 467 492 557 518 
961 1404 627 1495 687 
961 1190 658 1257 724 
961 1367 910 1553 1071 
961 1358 583 1419 631 
961 1303 643 1392 709 
961 798 471 831 489 
961 1245 724 1408 892 
961 1393 503 1458 530 
961 1102 525 1149 567 
961 1169 613 1233 665 
961 1232 692 1359 811 
991 1387 717 1504 814 
991 467 492 558 519 
991 1380 612 1471 674 
991 1344 860 1502 1032 
991 1333 572 1394 616 
991 1230 693 1350 802 
991 1189 649 1250 712 
991 796 472 831 489 
991 1260 724 1395 871 
991 1169 607 1240 664 
991 1099 517 1141 550 
991 1399 502 1457 529 
991 1189 649 1250 712 
991 1299 643 1383 703 
991 1257 723 1400 868 
991 1348 857 1502 1036 
1021 1368 698 1487 797 
1021 467 492 558 518 
1021 1368 605 1447 664 
1021 1322 838 1471 1001 
1021 1393 502 1459 528 
1021 1227 675 1323 801 
1021 1189 653 1248 716 
1021 793 470 834 490 
1021 1251 706 1397 864 
1021 1090 516 1133 544 
1021 1237 516 1280 551 
1021 1479 500 1531 530 
1021 1427 992 1643 1075 
1021 1293 643 1384 702 
1021 1326 833 1479 1004 
1021 1188 651 1250 712 
1021 1107 530 1143 561 
1021 1255 707 1391 867 
1051 1365 690 1476 778 
1051 469 492 567 520 
1051 1188 651 1253 715 
1051 1252 706 1388 864 
1051 1403 972 1618 1075 
1051 1083 506 1118 534 
1051 1391 503 1456 529 
1051 1338 594 1428 654 
1051 1106 537 1141 571 
1051 781 478 829 499 
1051 1316 832 1461 991 
1051 1225 508 1265 542 
1051 1299 642 1377 705 
1051 1322 830 1465 996 
1051 1481 500 1530 530 
1051 1170 605 1235 656 
1051 1223 682 1326 806 
1081 1366 686 1474 769 
1081 465 492 563 519 
1081 1573 867 1831 1055 
1081 1250 712 1388 863 
1081 1338 592 1417 644 
1081 1325 832 1480 995 
1081 1184 650 1251 710 
1081 1167 605 1232 657 
1081 1301 641 1378 702 
1081 1393 502 1457 529 
1081 1116 544 1166 574 
1081 1403 962 1614 1073 
1081 1405 968 1619 1076 
1081 1288 551 1353 597 
1081 1478 499 1532 529 
1081 1226 682 1358 818 
1111 1481 788 1667 922 
1111 1366 685 1467 766 
1111 467 492 558 519 
1111 1329 580 1403 637 
1111 1317 831 1466 995 
1111 1281 628 1372 703 
1111 1185 652 1254 714 
1111 1390 501 1461 529 
1111 1046 415 1080 438 
1111 1229 679 1362 805 
1111 753 486 810 519 
1111 1278 543 1326 578 
1111 1155 603 1226 656 
1111 1256 725 1389 858 
1111 1072 482 1110 513 
1111 1404 964 1610 1074 
1111 1181 651 1257 710 
1111 1185 545 1240 592 
1111 749 487 798 518 
1141 1360 687 1469 766 
1141 467 493 558 519 
1141 1472 763 1599 877 
1141 1315 834 1466 997 
1141 1180 653 1262 708 
1141 734 497 776 535 
1141 1294 638 1382 705 
1141 1310 571 1382 624 
1141 1255 532 1301 567 
1141 1111 533 1153 568 
1141 1229 693 1368 823 
1141 1085 507 1115 532 
1141 1254 709 1389 859 
1141 1394 501 1456 528 
1141 1223 690 1321 801 
1141 1144 587 1217 644 
1141 1404 961 1613 1072 
1141 1479 499 1534 529 
1141 1075 500 1108 520 
1141 1250 711 1396 858 
1141 1413 499 1469 524 
1141 1398 962 1616 1076 
1171 1363 684 1465 766 
1171 469 493 564 520 
1171 1431 744 1586 869 
1171 1287 552 1353 601 
1171 1226 678 1365 808 
1171 1147 582 1209 637 
1171 1180 643 1255 703 
1171 1319 837 1466 998 
1171 704 520 751 558 
1171 1395 501 1455 528 
1171 1301 642 1375 700 
1171 1238 510 1285 546 
1171 1252 715 1395 854 
1171 1093 515 1136 540 
1171 1084 503 1119 530 
1201 1456 750 1584 869 
1201 468 493 555 519 
1201 1365 677 1466 763 
1201 1316 830 1468 993 
1201 1261 603 1325 654 
1201 1138 572 1188 615 
1201 1266 535 1326 581 
1201 1169 623 1238 692 
1201 1396 502 1452 527 
1201 1481 498 1531 528 
1201 1244 698 1372 838 
1201 1222 507 1262 542 
1201 1232 502 1271 538 
1201 1299 639 1369 698 
1201 661 547 717 589 
1201 1043 421 1078 444 
1201 659 546 716 591 
1201 1430 740 1539 831 
1201 1177 479 1231 508 
1201 1116 538 1148 570 
1201 1478 495 1517 519 
1201 1088 502 1114 533 
1201 1402 961 1612 1073 
1201 1172 627 1241 696 
1231 1450 750 1586 869 
1231 1362 676 1463 760 
1231 469 493 558 517 
1231 1315 816 1458 969 
1231 1244 518 1296 558 
1231 1209 651 1331 752 
1231 1402 965 1621 1075 
1231 1281 626 1361 681 
1231 1130 555 1186 595 
1231 597 583 663 637 
1231 1486 500 1535 527 
1231 1406 496 1471 524 
1231 1157 608 1229 667 
1231 1438 746 1555 845 
1231 1124 549 1177 586 
1231 1250 593 1313 638 
1231 1232 691 1350 798 
1231 1096 506 1154 544 
1231 1090 514 1144 542 
1231 1096 463 1152 505 
1261 1348 665 1441 740 
1261 479 634 581 711 
1261 1436 745 1586 868 
1261 468 494 559 518 
1261 1392 498 1463 528 
1261 1286 783 1425 924 
1261 1193 624 1304 717 
1261 1272 608 1345 670 
1261 1223 504 1271 538 
1261 1202 639 1319 739 
1261 1139 584 1202 639 
1261 814 465 853 485 
1261 1076 466 1112 508 
1261 949 429 1014 453 
1261 1142 581 1208 641 
1261 1197 484 1234 515 
1261 1478 499 1534 528 
1291 474 493 567 519 
1291 1364 901 1575 1074 
1291 1414 730 1567 849 
1291 254 734 402 859 
1291 1392 499 1463 528 
1291 1262 735 1380 855 
1291 1326 643 1414 713 
1291 1168 599 1276 681 
1291 1128 556 1182 605 
1291 1185 617 1283 699 
1291 1484 499 1536 526 
1291 1102 511 1142 546 
1291 1185 631 1344 712 
1291 775 479 807 505 
1291 1205 558 1282 598 
1291 782 475 862 505 
1321 477 493 569 519 
1321 1396 703 1525 810 
1321 1393 498 1464 527 
1321 1305 629 1373 680 
1321 726 500 769 541 
1321 1321 821 1496 974 
1321 1160 589 1248 660 
1321 1226 677 1327 778 
1321 1224 568 1287 614 
1321 807 511 849 540 
1321 1165 595 1305 673 
1321 1141 574 1235 637 
1321 873 451 959 476 
1321 1485 500 1534 528 
1321 1192 539 1238 573 
1321 1116 538 1168 580 
1321 1067 462 1124 510 
1321 1183 473 1221 511 
1321 1077 467 1137 516 
1351 475 493 569 520 
1351 1364 665 1477 759 
1351 1275 599 1335 648 
1351 1266 745 1410 869 
1351 641 552 703 606 
1351 1393 498 1465 527 
1351 1194 633 1275 714 
1351 733 558 796 608 
1351 1106 519 1146 552 
1351 1141 565 1212 631 
1351 1067 466 1117 504 
1351 1484 499 1531 526 
1351 806 467 846 483 
1351 1177 525 1229 550 
1351 1177 533 1238 559 
1381 1226 687 1340 781 
1381 571 664 678 743 
1381 1430 974 1621 1073 
1381 1250 572 1304 617 
1381 1395 497 1465 527 
1381 472 493 565 518 
1381 463 631 568 708 
1381 1331 638 1422 717 
1381 1158 596 1229 660 
1381 1117 537 1182 597 
1381 783 479 836 503 
1381 1484 497 1529 527 
1381 1174 526 1240 575 
1381 1080 468 1114 498 
1381 1475 500 1517 524 
1381 1109 463 1160 496 
1411 1342 840 1502 962 
1411 474 492 565 519 
1411 1286 606 1361 670 
1411 1227 552 1287 592 
1411 0 841 221 1011 
1411 1181 629 1274 705 
1411 1395 497 1471 526 
1411 1482 501 1535 529 
1411 735 508 777 539 
1411 1140 569 1193 617 
1411 1104 515 1157 568 
1411 1221 547 1276 585 
1411 1155 514 1203 548 
1441 1257 735 1379 829 
1441 1249 569 1311 628 
1441 473 492 565 519 
1441 1401 499 1479 529 
1441 769 537 820 573 
1441 1151 583 1249 644 
1441 1117 532 1161 579 
1441 658 551 712 593 
1441 1206 528 1259 569 
1441 1483 498 1532 528 
1441 858 510 909 553 
1441 858 512 906 553 
1441 1143 499 1187 521 
1471 1179 663 1274 729 
1471 685 611 754 661 
1471 821 549 881 600 
1471 471 491 563 517 
1471 1217 543 1268 591 
1471 1393 498 1464 527 
1471 1133 553 1184 595 
1471 512 627 598 691 
1471 1185 510 1223 540 
1471 1485 498 1534 527 
1471 1473 501 1519 524 
1501 1114 610 1190 665 
1501 132 800 322 930 
1501 863 518 910 555 
1501 470 491 559 517 
1501 1395 497 1463 526 
1501 1188 521 1237 566 
1501 760 601 844 675 
1501 828 483 864 510 
1501 461 749 598 855 
1501 459 745 598 858 
1501 1109 525 1172 567 
1501 760 599 845 676 
1501 1482 497 1535 527 
1501 1468 499 1519 524 
1501 1172 427 1208 446 
1531 473 491 562 519 
1531 1396 498 1463 527 
1531 635 701 776 835 
1531 826 555 881 607 
1531 806 508 845 541 
1531 1161 503 1208 536 
1531 1090 494 1159 535 
1531 1480 497 1534 527 
1531 1473 499 1521 525 
1531 1102 454 1149 488 
1561 470 492 561 518 
1561 1394 496 1464 525 
1561 772 539 826 578 
1561 1078 470 1182 521 
1561 1069 554 1120 596 
1561 753 623 839 698 
1561 1481 497 1542 528 
1561 1403 492 1472 519 
1561 473 485 571 511 
1561 752 624 836 701 
1591 732 572 795 629 
1591 469 491 563 518 
1591 1396 498 1464 527 
1591 588 738 736 909 
1591 1482 499 1536 528 
1591 873 453 895 483 
1591 1069 457 1114 502 
1591 595 743 738 903 
1591 1126 464 1167 505 
1621 469 493 562 517 
1621 1071 450 1161 491 
1621 1400 498 1460 524 
1621 847 473 887 498 
1621 673 641 763 709 
1621 1483 501 1536 526 
1621 1054 534 1130 564 
1621 675 642 763 708 
1621 1475 503 1520 525 
1621 1172 422 1202 437 
1651 467 493 558 518 
1651 531 762 674 880 
1651 1400 500 1457 526 
1651 823 498 872 519 
1651 1479 500 1535 528 
1651 1045 530 1099 558 
1651 1073 447 1106 473 
1651 1123 447 1159 480 
1651 1203 425 1234 439 
1681 468 491 558 517 
1681 1397 497 1455 526 
1681 1098 443 1143 465 
1681 786 521 834 553 
1681 1175 428 1201 443 
1681 1165 431 1190 447 
1681 877 491 917 523 
1681 1047 532 1116 559 
1681 1411 497 1467 522 
1681 1048 531 1121 558 
1681 1479 499 1533 527 
1681 1093 440 1129 461 
1681 1470 499 1520 525 
1711 733 560 787 602 
1711 850 525 902 561 
1711 468 491 551 517 
1711 1396 496 1455 525 
1711 1044 530 1114 558 
1711 1122 437 1164 460 
1711 1193 427 1228 443 
1711 1478 497 1532 527 
1711 1040 524 1097 552 
1711 1176 425 1211 445 
1711 1206 423 1239 440 
1711 1117 436 1157 456 
1711 1162 429 1195 448 
1711 1409 496 1467 521 
1741 1553 898 1775 1040 
1741 468 484 558 519 
1741 802 575 869 621 
1741 639 624 719 681 
1741 1045 528 1112 556 
1741 1403 495 1463 524 
1741 857 493 898 525 
1741 1470 495 1524 525 
1741 855 499 898 536 
1741 848 507 894 548 
1741 1043 523 1099 550 
1741 844 523 892 562 
1741 859 478 902 509 
1741 853 511 892 540 
1741 1153 434 1178 455 
1741 880 452 935 475 
1771 1309 655 1400 721 
1771 724 641 822 725 
1771 448 731 582 836 
1771 466 491 554 517 
1771 799 582 855 620 
1771 1161 423 1196 449 
1771 1474 496 1533 526 
1771 1405 497 1462 524 
1771 814 533 868 579 
1771 1043 527 1101 553 
1771 1155 418 1190 443 
