1 432 506 485 540 
1 382 495 432 523 
1 490 494 585 536 
1 484 604 506 649 
1 486 631 590 702 
1 662 611 742 671 
1 660 607 739 671 
1 401 499 438 527 
1 454 508 496 538 
1 486 632 588 703 
31 185 760 387 900 
31 395 637 416 688 
31 492 494 582 533 
31 435 739 583 862 
31 368 502 441 549 
31 1318 474 1354 496 
31 431 507 487 535 
31 437 739 584 864 
31 434 515 480 542 
31 1407 386 1517 465 
61 430 525 506 576 
61 377 497 435 527 
61 494 495 586 536 
61 272 680 297 735 
61 804 471 839 490 
61 1476 503 1541 530 
61 804 468 841 485 
61 1085 413 1113 433 
61 426 503 496 536 
61 402 503 441 530 
61 431 514 485 541 
61 429 511 503 553 
91 377 496 432 526 
91 772 492 821 522 
91 427 504 488 539 
91 493 494 586 531 
91 108 740 141 802 
91 477 543 536 584 
91 1473 502 1541 529 
91 472 533 538 572 
121 376 496 434 525 
121 463 564 528 620 
121 426 505 491 542 
121 1480 504 1542 530 
121 490 495 568 532 
121 714 518 768 556 
121 713 519 767 556 
121 402 499 438 526 
151 377 497 433 526 
151 426 507 487 541 
151 491 493 583 535 
151 406 590 491 654 
151 635 565 697 613 
151 1386 381 1516 475 
181 310 626 433 708 
181 375 496 433 526 
181 489 494 580 535 
181 428 507 486 541 
181 478 642 582 710 
181 1479 502 1542 526 
181 476 640 578 714 
181 401 501 438 528 
211 366 497 432 529 
211 146 699 316 820 
211 429 507 489 540 
211 76 831 291 968 
211 492 494 583 534 
211 389 496 436 527 
211 1043 423 1079 444 
241 1 854 90 977 
241 425 505 494 540 
241 366 496 432 529 
241 493 495 585 534 
241 1113 417 1150 436 
241 389 494 437 526 
241 1180 421 1225 439 
241 1160 422 1204 439 
271 429 508 491 540 
271 369 499 432 528 
271 496 495 586 533 
271 978 434 1013 455 
271 1189 417 1232 436 
271 972 440 1003 460 
271 1399 501 1444 525 
271 389 497 437 527 
271 991 433 1020 453 
271 745 460 779 480 
271 400 502 439 528 
271 971 435 1003 452 
271 1103 419 1147 436 
271 1476 499 1538 528 
271 1167 418 1205 435 
301 1397 719 1531 815 
301 367 498 433 528 
301 436 508 504 540 
301 496 496 589 534 
301 398 503 441 529 
301 384 493 443 522 
301 1066 425 1102 442 
301 1194 416 1238 432 
301 1084 422 1111 437 
301 1118 418 1145 433 
301 1142 415 1176 431 
331 1268 605 1344 660 
331 589 469 644 498 
331 491 497 582 537 
331 366 499 432 529 
331 434 506 502 539 
331 595 462 649 490 
331 392 502 439 530 
331 720 478 753 495 
331 572 483 606 506 
331 1479 499 1537 529 
361 462 485 587 533 
361 370 498 439 527 
361 432 505 509 539 
361 1330 848 1491 976 
361 1206 543 1261 583 
361 1351 457 1370 504 
361 1402 498 1444 525 
361 1347 456 1364 503 
361 382 490 448 519 
361 1478 500 1539 528 
361 1365 459 1381 505 
391 1197 652 1280 718 
391 360 491 431 526 
391 1165 510 1204 541 
391 497 495 588 534 
391 430 507 493 540 
391 1396 498 1443 525 
391 1349 454 1367 500 
391 887 485 943 515 
391 1355 453 1372 500 
391 871 459 903 477 
391 1161 504 1198 536 
391 1364 456 1382 502 
421 1595 898 1823 1053 
421 494 495 588 535 
421 868 507 911 541 
421 437 508 501 539 
421 362 498 432 527 
421 1141 485 1176 512 
421 1349 456 1366 501 
421 850 471 887 490 
421 1398 499 1443 525 
421 855 471 897 496 
421 374 495 437 521 
421 1355 454 1370 500 
421 1138 567 1194 604 
421 1363 459 1380 502 
451 1335 658 1427 732 
451 495 495 583 534 
451 436 504 502 538 
451 377 498 430 526 
451 1482 502 1537 530 
451 828 546 888 584 
451 833 491 871 514 
451 397 502 440 528 
451 1100 525 1142 553 
451 389 493 439 523 
451 1125 465 1170 493 
451 889 493 927 521 
451 1121 463 1168 495 
451 834 497 874 517 
481 780 595 854 652 
481 806 508 846 539 
481 1398 493 1448 527 
481 495 496 582 534 
481 431 508 494 540 
481 864 532 910 564 
481 1225 573 1287 616 
481 1088 498 1129 519 
481 372 499 431 527 
481 1086 495 1123 516 
481 1479 501 1536 526 
481 399 502 440 528 
481 392 495 440 524 
481 1348 458 1363 498 
511 684 686 791 776 
511 493 495 583 535 
511 759 553 808 584 
511 823 577 883 616 
511 434 506 500 538 
511 1398 489 1451 525 
511 1076 471 1113 496 
511 1068 469 1108 493 
511 860 518 905 555 
511 378 499 429 527 
511 1177 525 1217 559 
511 810 495 854 523 
511 400 503 439 528 
511 393 494 440 523 
511 350 511 385 533 
511 1171 519 1209 553 
541 1582 938 1823 1073 
541 410 926 621 1069 
541 744 654 832 715 
541 686 599 751 649 
541 494 495 578 534 
541 824 554 879 601 
541 433 509 489 539 
541 363 500 429 527 
541 769 522 824 555 
541 1396 488 1444 521 
541 374 495 432 520 
541 386 500 440 528 
541 1387 488 1422 520 
541 1140 495 1169 524 
541 877 496 923 524 
541 877 496 922 522 
541 1182 417 1229 435 
571 1326 674 1423 743 
571 709 565 772 614 
571 1400 492 1443 524 
571 862 520 906 554 
571 770 610 845 680 
571 566 821 724 957 
571 548 688 656 771 
571 489 475 582 534 
571 770 453 808 472 
571 431 511 488 540 
571 385 500 444 528 
571 1170 421 1205 437 
571 1388 491 1420 521 
571 1476 496 1533 524 
571 1152 417 1182 434 
571 436 506 504 535 
571 394 493 444 522 
571 546 689 656 771 
571 839 447 874 470 
571 562 822 718 961 
601 647 717 767 832 
601 220 909 433 1071 
601 438 506 502 538 
601 611 632 697 701 
601 1230 578 1292 624 
601 498 495 586 535 
601 371 501 427 528 
601 1477 500 1535 529 
601 1402 493 1444 525 
601 817 557 874 609 
601 1386 489 1417 521 
601 381 499 420 524 
601 1105 419 1142 440 
601 350 499 396 526 
601 1016 426 1050 447 
601 403 507 438 530 
601 1025 423 1055 444 
601 352 505 386 529 
601 881 501 923 528 
601 400 500 439 525 
601 386 497 426 518 
631 743 628 825 702 
631 496 497 586 537 
631 434 506 502 540 
631 369 500 433 528 
631 1395 491 1448 525 
631 395 770 548 892 
631 864 532 909 566 
631 1054 416 1092 440 
631 1183 531 1225 561 
631 398 503 441 530 
631 622 472 651 491 
631 771 454 814 476 
631 1166 426 1200 441 
631 393 773 547 891 
631 1179 533 1220 564 
661 1396 729 1522 817 
661 452 492 585 540 
661 1148 501 1185 526 
661 818 575 878 623 
661 365 499 430 527 
661 1397 494 1447 526 
661 589 764 728 902 
661 430 502 505 539 
661 1017 422 1048 446 
661 391 498 450 528 
661 1149 498 1191 518 
661 1475 500 1528 528 
661 594 768 728 897 
691 744 648 825 717 
691 435 507 502 540 
691 364 499 434 529 
691 493 497 587 536 
691 1395 493 1445 525 
691 1297 633 1381 691 
691 366 494 429 521 
691 396 502 439 530 
691 1478 502 1528 528 
691 1302 634 1385 693 
721 583 816 723 938 
721 369 499 432 528 
721 497 495 589 536 
721 434 505 504 539 
721 1393 493 1446 526 
721 1251 584 1305 631 
721 378 496 435 522 
721 1118 464 1159 488 
721 389 498 442 529 
721 1479 501 1526 527 
751 493 495 584 534 
751 1227 562 1274 600 
751 431 502 502 538 
751 1393 493 1447 525 
751 353 506 390 530 
751 821 474 878 510 
751 880 493 918 527 
751 821 473 881 510 
751 385 493 424 520 
751 404 499 445 523 
781 1710 740 1874 846 
781 495 495 584 534 
781 432 509 489 539 
781 778 505 832 548 
781 1391 493 1447 524 
781 835 539 881 576 
781 378 499 432 525 
781 1480 497 1534 526 
781 1201 544 1249 580 
781 858 506 903 541 
781 397 502 440 527 
781 387 494 439 522 
781 827 452 864 473 
781 1203 542 1255 579 
811 1542 641 1649 708 
811 493 494 582 534 
811 792 589 851 637 
811 435 509 485 539 
811 703 560 775 612 
811 371 499 433 527 
811 823 548 871 586 
811 1392 491 1446 523 
811 795 454 835 476 
811 379 496 436 521 
811 1186 536 1233 568 
811 399 502 441 528 
811 1186 536 1235 568 
811 1479 497 1533 527 
811 1479 496 1533 528 
811 1373 490 1420 524 
841 1472 598 1542 652 
841 1716 782 1899 901 
841 550 638 665 730 
841 491 494 568 529 
841 1387 490 1445 526 
841 684 666 785 751 
841 431 511 486 539 
841 382 499 451 526 
841 771 599 843 658 
841 429 505 498 535 
841 391 492 450 520 
841 731 459 775 487 
841 1376 487 1431 525 
841 1479 497 1530 524 
841 560 489 604 517 
841 771 597 842 660 
871 78 886 352 1063 
871 631 487 703 521 
871 662 701 773 791 
871 424 498 494 537 
871 851 435 903 477 
871 1441 564 1490 607 
871 449 881 632 1046 
871 1364 491 1413 523 
871 1544 663 1659 743 
871 1178 523 1227 560 
871 345 515 378 534 
871 902 469 948 492 
871 1354 490 1396 521 
871 1550 663 1658 740 
871 634 475 704 503 
871 1477 494 1531 525 
871 1174 523 1221 558 
871 1478 496 1531 524 
871 895 460 926 484 
901 732 489 814 521 
901 862 438 905 482 
901 1292 498 1351 522 
901 1427 544 1475 585 
901 409 935 613 1066 
901 1471 605 1544 667 
901 498 476 567 523 
901 489 477 567 529 
901 430 504 489 535 
901 1476 495 1529 523 
901 818 459 850 480 
901 347 514 379 535 
901 427 502 498 534 
901 1470 607 1547 666 
901 904 475 955 494 
901 1171 523 1219 557 
931 641 488 701 515 
931 1208 497 1274 528 
931 866 438 901 480 
931 1431 540 1476 573 
931 490 496 566 531 
931 1206 489 1269 522 
931 1438 579 1499 621 
931 805 463 839 484 
931 435 505 498 534 
931 346 493 404 527 
931 1433 556 1490 609 
931 866 482 944 513 
931 1177 523 1228 557 
931 1481 493 1527 519 
931 584 498 632 523 
931 453 509 499 536 
931 1477 493 1530 523 
931 797 466 830 484 
931 1392 485 1418 506 
961 687 485 789 520 
961 1112 504 1164 530 
961 853 444 900 487 
961 469 497 580 536 
961 984 487 1050 516 
961 1451 526 1509 566 
961 431 498 492 531 
961 787 472 833 491 
961 797 469 833 486 
961 1108 499 1160 521 
961 1177 521 1222 551 
961 1171 519 1212 548 
961 1429 542 1482 588 
961 807 467 839 483 
961 0 581 41 638 
961 1463 508 1535 549 
961 347 514 379 534 
961 902 476 951 497 
961 1389 486 1415 507 
991 1690 834 1908 954 
991 612 488 684 519 
991 817 489 880 519 
991 1016 502 1079 533 
991 861 443 895 485 
991 1512 521 1557 556 
991 1087 480 1133 504 
991 430 503 495 535 
991 490 498 567 534 
991 1423 539 1479 578 
991 348 516 377 534 
991 1172 523 1219 556 
991 901 473 948 497 
991 1178 523 1229 558 
991 820 474 889 508 
991 1389 489 1420 515 
991 1502 515 1550 554 
991 488 497 566 535 
1021 1446 671 1566 745 
1021 737 487 822 518 
1021 1443 531 1491 567 
1021 1136 472 1173 499 
1021 853 446 896 492 
1021 485 497 571 536 
1021 928 489 990 539 
1021 431 502 498 534 
1021 804 465 836 485 
1021 348 514 376 534 
1021 899 472 940 503 
1021 926 492 988 540 
1021 910 482 952 513 
1021 348 511 379 529 
1021 1175 522 1220 554 
1021 431 500 495 534 
1021 1390 489 1418 514 
1021 488 497 575 537 
1021 1172 522 1212 550 
1021 817 462 847 483 
1021 1487 502 1532 526 
1051 852 519 906 554 
1051 352 494 428 534 
1051 1358 606 1436 660 
1051 1361 489 1419 524 
1051 490 497 574 534 
1051 434 507 484 536 
1051 438 500 504 533 
1051 450 508 497 536 
1051 792 470 824 488 
1051 1477 499 1520 533 
1051 1510 517 1554 558 
1051 1491 512 1546 556 
1051 870 469 945 510 
1051 973 486 1024 509 
1051 1512 509 1540 564 
1051 1157 465 1198 488 
1051 1174 522 1221 556 
1081 1309 574 1372 615 
1081 429 504 489 535 
1081 346 514 376 532 
1081 558 486 606 514 
1081 845 450 896 492 
1081 787 469 825 489 
1081 976 485 1038 514 
1081 486 496 572 532 
1081 1476 498 1534 527 
1081 796 465 832 488 
1081 826 540 870 573 
1081 348 510 380 527 
1081 1137 502 1182 528 
1081 1038 474 1076 502 
1081 488 492 558 525 
1081 1477 496 1528 526 
1081 1121 499 1167 522 
1081 483 494 572 533 
1111 731 484 811 518 
1111 800 565 853 606 
1111 488 496 567 535 
1111 354 495 434 532 
1111 848 447 898 493 
1111 938 513 1001 539 
1111 430 505 483 536 
1111 1474 497 1531 526 
1111 433 499 498 534 
1111 1378 488 1417 514 
1111 800 464 831 487 
1111 1476 496 1528 526 
1111 1176 526 1214 554 
1111 1282 549 1331 583 
1111 1176 524 1216 556 
1141 768 598 835 647 
1141 842 445 898 493 
1141 780 541 837 570 
1141 790 470 829 490 
1141 1387 488 1422 514 
1141 1474 498 1532 527 
1141 431 506 486 538 
1141 1124 472 1168 503 
1141 347 516 376 533 
1141 898 476 974 514 
1141 1264 536 1305 567 
1141 1175 522 1216 556 
1141 487 497 558 530 
1141 1391 485 1427 510 
1141 428 502 496 536 
1141 1474 497 1532 528 
1141 1266 535 1307 564 
1141 1175 523 1215 554 
1171 720 646 803 709 
1171 718 486 800 521 
1171 669 599 733 645 
1171 847 446 886 490 
1171 491 498 571 537 
1171 426 502 496 536 
1171 1252 526 1292 557 
1171 796 467 833 490 
1171 1142 467 1178 491 
1171 1475 497 1529 526 
1171 1391 487 1431 510 
1171 347 516 377 534 
1171 1023 475 1074 507 
1171 1477 496 1524 525 
1171 781 472 827 497 
1171 1259 530 1303 560 
1171 1174 522 1217 557 
1171 427 501 495 537 
1171 1174 523 1216 555 
1201 642 727 744 817 
1201 470 720 581 800 
1201 487 498 572 537 
1201 845 447 890 492 
1201 791 469 831 492 
1201 1173 524 1217 561 
1201 1475 498 1529 526 
1201 428 505 486 539 
1201 784 469 820 487 
1201 885 482 959 518 
1201 800 465 836 488 
1201 1388 486 1424 514 
1201 426 502 495 537 
1201 1476 496 1526 527 
1231 466 903 638 1063 
1231 844 448 885 490 
1231 487 497 574 537 
1231 789 470 825 488 
1231 429 502 496 536 
1231 997 486 1059 513 
1231 1477 497 1525 525 
1231 1128 468 1169 493 
1231 1174 524 1218 557 
1231 901 477 949 499 
1231 1384 486 1424 514 
1231 428 501 494 536 
1231 1476 496 1525 527 
1231 799 466 835 488 
1261 847 447 885 490 
1261 1064 477 1109 501 
1261 793 468 832 491 
1261 1071 473 1116 499 
1261 431 503 496 536 
1261 1476 497 1529 527 
1261 1177 526 1221 560 
1261 490 499 572 537 
1261 1251 527 1295 554 
1261 346 515 377 534 
1261 486 494 567 535 
1261 788 467 823 486 
1261 1476 496 1525 526 
1261 1391 487 1423 510 
1291 844 445 889 489 
1291 435 502 491 536 
1291 793 468 832 492 
1291 482 498 572 537 
1291 1176 524 1224 560 
1291 1477 498 1528 527 
1291 1104 467 1142 494 
1291 346 516 375 532 
1291 787 467 822 486 
1291 1252 526 1294 553 
1291 1477 497 1525 527 
1291 1165 455 1192 472 
1291 478 497 572 538 
1321 845 448 886 490 
1321 458 498 574 539 
1321 793 469 833 492 
1321 1476 497 1531 526 
1321 1177 526 1222 559 
1321 1171 439 1193 456 
1321 1171 453 1190 469 
1321 439 506 479 534 
1321 444 498 539 535 
1321 1175 435 1202 450 
1321 787 467 823 486 
1351 468 499 579 541 
1351 847 448 891 491 
1351 792 469 833 491 
1351 349 514 375 532 
1351 1176 525 1224 560 
1351 1477 498 1529 527 
1351 349 511 379 528 
1351 1199 434 1232 451 
1351 788 468 823 486 
1351 1388 488 1422 512 
1351 902 478 957 497 
1381 349 513 384 534 
1381 526 501 618 537 
1381 848 448 892 490 
1381 794 469 832 492 
1381 1176 525 1225 559 
1381 1477 498 1528 528 
1381 1478 498 1524 527 
1381 1172 424 1201 439 
1381 789 467 822 485 
1381 901 475 956 496 
1381 349 504 385 526 
1411 1468 495 1535 526 
1411 846 447 894 492 
1411 792 468 831 491 
1411 345 505 422 536 
1411 1178 525 1223 559 
1411 594 492 638 525 
1411 642 502 737 535 
1411 1407 488 1437 513 
1411 899 475 954 497 
1411 789 466 824 487 
1411 604 494 651 527 
1411 1391 489 1421 512 
1411 1395 487 1423 507 
1411 535 453 562 477 
1441 702 493 793 524 
1441 416 504 501 538 
1441 841 444 888 490 
1441 799 502 876 535 
1441 1179 525 1223 559 
1441 349 498 407 528 
1441 1476 494 1529 526 
1441 1399 486 1448 517 
1441 788 465 822 484 
1441 1478 495 1524 522 
1471 430 494 518 527 
1471 848 493 923 522 
1471 969 501 1057 536 
1471 534 507 600 534 
1471 787 469 828 491 
1471 1178 525 1224 560 
1471 1473 495 1529 526 
1471 1173 525 1218 558 
1471 1474 494 1527 527 
1471 855 484 934 512 
1471 1397 488 1437 516 
1501 553 486 647 525 
1501 670 497 772 533 
1501 998 493 1077 528 
1501 846 445 891 489 
1501 1471 489 1542 524 
1501 796 456 830 490 
1501 1170 515 1225 556 
1501 341 517 373 537 
1501 902 476 953 497 
1531 723 489 809 526 
1531 1474 504 1541 530 
1531 1283 479 1329 510 
1531 843 501 938 535 
1531 1172 500 1245 552 
1531 422 501 506 535 
1531 380 507 423 530 
1531 1436 484 1485 519 
1531 1444 492 1499 521 
1531 397 504 435 529 
1531 844 443 892 488 
1531 538 452 565 475 
1561 1024 504 1107 536 
1561 903 484 988 525 
1561 844 445 892 489 
1561 791 468 831 491 
1561 1361 484 1420 527 
1561 606 498 670 532 
1561 1176 523 1216 553 
1561 1374 487 1435 530 
1561 537 501 600 529 
1561 1177 508 1213 538 
1561 1197 477 1246 508 
1561 1167 522 1204 547 
1561 1129 484 1179 510 
1591 689 493 780 528 
1591 1276 482 1327 510 
1591 783 496 856 533 
1591 1101 492 1174 529 
1591 846 447 891 488 
1591 1206 515 1294 551 
1591 901 478 946 498 
1591 995 483 1067 511 
1591 787 489 853 524 
1621 1472 506 1544 539 
1621 868 487 959 522 
1621 1415 509 1488 544 
1621 788 468 829 491 
1621 1161 478 1223 511 
1621 1246 522 1295 548 
1621 931 479 1035 524 
1621 1322 503 1385 536 
1621 987 499 1061 534 
1621 800 464 836 490 
1621 1310 503 1360 535 
1651 1299 487 1354 510 
1651 1187 517 1294 557 
1651 690 480 754 505 
1651 803 472 872 505 
1651 1178 505 1265 546 
1651 1180 500 1254 537 
1651 1045 482 1133 530 
1651 1478 502 1533 529 
1651 1174 507 1239 543 
1651 1175 516 1246 550 
1651 1048 483 1130 528 
1681 845 446 892 490 
1681 498 485 555 507 
1681 1389 503 1465 541 
1681 1242 509 1311 538 
1681 1153 481 1225 514 
1681 504 478 558 501 
1681 793 468 834 492 
1681 898 475 981 507 
1681 637 473 708 503 
1681 636 475 707 503 
1681 1462 502 1538 532 
1681 1462 500 1537 533 
1711 1433 502 1522 534 
1711 845 444 893 489 
1711 747 475 828 504 
1711 1177 525 1223 560 
1711 1001 481 1070 506 
1711 455 478 534 510 
1711 455 481 529 511 
1711 749 471 833 503 
1711 1172 525 1216 557 
1741 595 474 654 499 
1741 511 478 583 503 
1741 1443 494 1484 520 
1741 847 473 913 505 
1741 797 469 835 490 
1741 1177 525 1222 559 
1741 607 469 661 491 
1741 1488 500 1536 526 
1741 784 470 821 488 
1741 1172 525 1214 557 
1741 1452 494 1496 522 
1771 665 476 739 503 
1771 845 442 894 490 
1771 411 479 483 506 
1771 794 468 833 491 
1771 1175 526 1216 557 
1771 1198 483 1269 513 
1771 1214 505 1301 532 
1771 785 469 823 488 
1771 799 462 836 488 
1771 507 483 567 503 
1771 1476 500 1538 528 
1771 899 472 958 497 
1771 1178 522 1221 544 
