1 702 683 800 761 
1 986 495 1056 527 
1 483 500 578 539 
1 473 845 658 1007 
1 436 651 552 738 
1 414 503 481 533 
1 346 508 409 540 
1 1477 499 1529 527 
1 742 457 928 521 
1 1184 525 1228 552 
1 1335 477 1379 511 
1 900 462 948 490 
1 741 456 931 519 
1 1054 456 1111 496 
1 414 495 480 525 
1 1471 493 1521 519 
2 560 832 706 974 
2 866 502 931 542 
2 880 450 1037 516 
2 166 765 369 913 
2 363 487 441 530 
2 485 500 577 537 
2 346 509 407 541 
2 806 468 846 490 
2 1488 499 1531 525 
2 1182 522 1226 552 
2 430 499 490 528 
2 445 501 482 528 
2 1340 472 1385 505 
2 1166 451 1202 475 
2 1162 457 1201 482 
2 483 498 578 537 
2 1181 521 1227 553 
2 164 768 368 915 
3 468 495 584 537 
3 1001 446 1109 513 
3 787 524 845 567 
3 348 509 411 540 
3 735 490 797 521 
3 1333 474 1378 509 
3 844 466 902 495 
3 1180 523 1221 552 
3 900 464 941 490 
3 984 444 1059 506 
3 828 469 884 495 
3 741 484 808 515 
3 1099 450 1137 477 
3 1175 445 1207 468 
3 453 495 531 529 
3 1488 499 1532 525 
3 863 461 907 487 
3 835 462 884 488 
4 1068 447 1160 507 
4 735 554 795 604 
4 350 508 421 541 
4 845 469 887 495 
4 858 472 896 502 
4 1181 525 1222 552 
4 804 468 841 489 
4 1333 476 1380 513 
4 886 475 951 507 
4 892 484 953 514 
4 852 462 893 489 
4 533 493 614 532 
4 828 465 872 488 
5 617 497 713 536 
5 664 604 740 667 
5 696 485 768 526 
5 538 489 610 520 
5 801 470 842 492 
5 991 483 1055 516 
5 382 508 461 537 
5 857 467 904 495 
5 838 465 886 491 
5 282 490 325 630 
5 1185 525 1227 555 
5 909 462 945 487 
5 810 467 849 489 
5 1183 525 1228 557 
5 344 507 395 531 
5 320 495 347 561 
6 358 500 456 536 
6 730 496 824 535 
6 527 682 652 781 
6 1065 472 1125 502 
6 1332 480 1375 514 
6 910 461 948 488 
6 798 463 865 492 
6 1183 524 1230 553 
6 798 470 886 499 
6 468 508 551 540 
6 899 462 940 488 
6 549 489 600 516 
6 467 509 551 542 
6 803 465 853 488 
6 1127 442 1171 487 
6 1177 523 1225 556 
7 616 501 693 539 
7 446 501 535 532 
7 170 891 410 1064 
7 877 496 972 534 
7 1329 476 1389 516 
7 368 497 402 526 
7 854 466 899 497 
7 536 494 609 524 
7 800 468 845 492 
7 376 492 413 521 
7 830 464 890 495 
7 1458 492 1519 521 
7 415 487 449 517 
7 898 483 1051 528 
7 1472 495 1527 523 
7 1 606 52 680 
7 423 493 462 520 
7 1185 525 1229 552 
8 1271 798 1402 900 
8 472 493 514 522 
8 1044 497 1127 536 
8 1298 483 1383 519 
8 773 506 856 537 
8 1484 496 1530 527 
8 0 609 46 664 
8 809 469 881 495 
8 838 467 901 494 
8 390 505 457 531 
8 563 501 640 534 
8 909 464 946 490 
8 1184 530 1217 551 
8 899 466 938 490 
8 1178 519 1235 542 
8 1180 521 1231 541 
8 393 492 465 528 
8 847 464 897 490 
8 1176 506 1242 533 
9 1203 677 1284 741 
9 703 494 786 529 
9 527 501 607 541 
9 1237 491 1324 533 
9 960 507 1043 535 
9 1300 483 1362 516 
9 855 467 904 495 
9 799 469 847 491 
9 419 486 514 531 
9 1383 497 1454 531 
9 831 465 885 493 
9 1486 493 1531 524 
9 908 462 946 489 
9 1182 524 1218 551 
9 1359 511 1403 539 
9 815 463 874 489 
9 418 491 510 529 
9 0 606 48 671 
9 1260 489 1337 527 
9 1124 429 1159 472 
9 1129 427 1165 480 
9 809 465 852 488 
9 1180 524 1223 556 
10 691 502 781 534 
10 873 496 952 531 
10 1164 609 1232 657 
10 551 498 600 529 
10 858 467 905 499 
10 1441 495 1520 537 
10 1172 515 1234 545 
10 483 489 531 519 
10 378 496 468 535 
10 1167 506 1236 535 
10 802 465 844 488 
10 827 462 888 493 
10 879 480 955 503 
10 1142 485 1208 512 
10 472 487 516 517 
10 377 499 460 535 
10 1212 479 1269 508 
10 1127 416 1154 466 
10 1228 479 1283 507 
10 546 493 598 520 
11 1376 502 1452 543 
11 353 504 399 532 
11 1142 574 1200 613 
11 692 493 780 527 
11 527 498 611 536 
11 858 470 902 496 
11 1020 484 1073 517 
11 801 468 847 492 
11 1074 496 1144 527 
11 1179 526 1222 554 
11 1479 500 1541 527 
11 482 490 535 519 
11 847 463 894 490 
11 0 602 48 683 
11 860 460 901 488 
11 812 464 851 489 
11 1218 485 1280 509 
12 1269 504 1340 534 
12 703 493 786 533 
12 1087 498 1159 534 
12 801 470 839 491 
12 917 473 1017 508 
12 1183 530 1222 555 
12 1176 522 1217 549 
12 424 488 506 528 
12 534 494 596 522 
12 1484 501 1538 528 
12 547 490 593 516 
12 356 504 439 534 
12 1084 492 1155 523 
12 481 493 542 523 
12 497 495 539 521 
12 860 475 912 502 
12 866 491 943 523 
12 857 482 903 508 
12 809 467 844 487 
12 848 469 890 496 
13 697 480 774 512 
13 517 494 626 536 
13 1300 510 1355 536 
13 897 497 974 532 
13 1483 487 1537 531 
13 1226 485 1288 512 
13 1037 500 1098 529 
13 843 466 901 497 
13 753 475 825 509 
13 768 467 841 505 
13 623 491 666 524 
13 455 486 510 520 
13 967 486 1036 513 
13 911 455 953 486 
13 894 467 947 501 
13 1176 530 1219 557 
13 1116 533 1155 563 
13 902 477 960 504 
13 637 489 680 519 
13 606 493 657 527 
13 489 487 528 520 
13 947 490 1025 518 
14 695 487 816 534 
14 1516 509 1555 532 
14 1087 492 1182 552 
14 492 487 537 521 
14 538 486 603 519 
14 810 465 879 504 
14 1412 477 1486 516 
14 909 462 948 489 
14 852 465 902 497 
14 1227 506 1295 530 
14 448 488 504 521 
14 899 463 942 492 
14 1417 479 1496 518 
14 799 473 854 508 
14 471 484 540 519 
14 1087 491 1176 546 
14 917 460 954 486 
15 1285 505 1356 538 
15 885 491 999 532 
15 802 468 844 492 
15 1107 527 1151 558 
15 409 499 490 535 
15 1419 505 1508 539 
15 638 483 682 508 
15 860 466 900 499 
15 842 465 888 494 
15 502 490 541 519 
15 1293 486 1362 528 
15 416 492 496 533 
15 623 485 673 508 
15 1185 528 1227 556 
15 555 488 598 518 
15 515 488 560 519 
16 1208 476 1295 517 
16 1476 496 1537 538 
16 813 467 887 507 
16 603 511 662 538 
16 1105 516 1191 550 
16 895 461 942 493 
16 509 492 574 522 
16 1036 492 1092 529 
16 904 459 949 489 
16 498 492 538 521 
16 448 488 499 520 
16 1107 520 1181 549 
16 0 604 47 673 
16 1050 493 1109 532 
17 556 494 616 529 
17 773 506 855 533 
17 1293 497 1384 538 
17 1092 468 1177 514 
17 1396 494 1447 525 
17 640 476 710 505 
17 851 468 900 496 
17 907 461 946 490 
17 501 491 541 521 
17 1403 491 1449 517 
17 1486 505 1540 530 
17 1204 487 1289 533 
17 454 489 499 520 
17 857 463 903 491 
17 555 489 620 517 
17 1109 530 1148 551 
17 514 489 555 519 
17 917 459 954 488 
17 797 482 848 502 
18 1382 499 1468 540 
18 805 500 868 533 
18 1108 526 1159 558 
18 851 472 900 498 
18 961 485 1051 523 
18 495 489 539 521 
18 448 487 508 521 
18 1503 507 1558 538 
18 1189 528 1229 554 
18 541 491 606 520 
18 908 461 947 490 
18 956 473 1049 508 
18 1 606 48 669 
18 1294 490 1347 513 
18 1285 486 1339 511 
18 526 490 575 517 
18 481 484 542 518 
18 804 494 869 517 
18 866 465 905 489 
18 1465 502 1510 529 
18 852 464 896 489 
19 812 470 906 507 
19 1040 501 1100 533 
19 1113 524 1161 554 
19 499 493 537 521 
19 900 460 948 490 
19 547 491 603 518 
19 1487 502 1541 530 
19 1436 501 1475 525 
19 1177 492 1243 532 
19 453 489 503 520 
19 1171 489 1235 523 
19 532 491 571 516 
19 1174 490 1244 534 
19 541 489 582 515 
19 1175 507 1250 534 
20 662 470 756 505 
20 1263 504 1318 533 
20 1407 982 1607 1080 
20 1375 508 1450 542 
20 1111 526 1158 557 
20 796 468 850 492 
20 498 491 537 520 
20 546 489 596 517 
20 854 466 904 494 
20 441 488 509 520 
20 1485 502 1538 527 
20 1187 526 1228 551 
20 1034 484 1094 507 
20 827 464 887 492 
20 533 489 575 516 
20 911 464 947 487 
20 555 486 613 513 
21 1249 752 1375 846 
21 1387 502 1463 530 
21 1111 528 1157 558 
21 449 497 552 538 
21 1185 525 1227 551 
21 798 468 848 492 
21 824 465 889 494 
21 1479 503 1538 534 
21 530 472 576 500 
21 852 466 908 497 
21 0 606 51 668 
21 519 482 568 505 
21 843 462 898 489 
22 1189 656 1271 718 
22 1113 525 1161 555 
22 1183 526 1226 552 
22 1104 523 1151 553 
22 1386 501 1452 529 
22 498 492 538 520 
22 549 491 603 520 
22 850 467 904 495 
22 444 489 507 520 
22 720 501 819 534 
22 821 465 888 493 
22 1483 501 1539 528 
22 0 607 47 667 
22 912 465 946 489 
22 816 461 880 488 
23 1584 741 1742 844 
23 542 486 600 519 
23 800 468 846 492 
23 1183 524 1226 553 
23 1384 503 1446 530 
23 856 467 904 496 
23 1157 612 1226 658 
23 1113 524 1158 554 
23 905 463 946 492 
23 843 466 886 494 
23 490 488 535 520 
23 1156 608 1222 658 
23 850 465 897 490 
23 442 488 505 519 
23 1485 503 1540 530 
23 729 479 783 496 
23 436 485 510 518 
23 810 465 852 489 
23 981 504 1071 531 
24 1434 648 1531 717 
24 371 485 433 514 
24 1114 526 1158 559 
24 493 489 538 520 
24 541 489 605 518 
24 442 486 516 519 
24 1231 506 1315 535 
24 799 469 844 491 
24 846 467 887 495 
24 855 466 900 494 
24 1109 523 1150 555 
24 1388 504 1443 530 
24 731 478 790 495 
24 1479 503 1540 530 
24 1141 579 1221 619 
24 1179 521 1226 554 
24 911 464 944 487 
24 463 485 537 518 
24 810 466 849 489 
24 824 464 875 488 
24 862 463 905 486 
24 902 466 938 489 
24 844 463 884 487 
24 550 484 615 512 
25 1362 596 1446 651 
25 1461 509 1543 542 
25 799 468 847 491 
25 539 489 604 519 
25 855 466 902 494 
25 1386 506 1449 532 
25 1178 523 1224 555 
25 841 465 888 495 
25 1127 559 1205 600 
25 1113 523 1157 559 
25 444 488 510 521 
25 496 489 538 520 
25 532 486 587 516 
25 910 463 944 488 
25 1106 521 1146 553 
25 822 463 876 489 
25 430 483 522 520 
26 1709 721 1869 805 
26 1326 576 1392 618 
26 1384 504 1441 531 
26 799 471 847 493 
26 505 494 539 520 
26 853 467 902 496 
26 841 468 888 498 
26 908 462 944 489 
26 539 492 604 520 
26 1319 568 1383 611 
26 446 489 503 521 
26 1483 504 1524 529 
26 517 490 578 518 
26 437 486 509 519 
26 1114 532 1173 579 
26 1353 459 1367 496 
26 823 466 877 491 
26 918 461 952 487 
27 1573 639 1671 690 
27 1482 506 1541 531 
27 801 469 847 492 
27 1303 551 1365 594 
27 539 490 604 519 
27 854 467 903 495 
27 496 491 536 519 
27 445 488 508 521 
27 842 467 887 494 
27 1111 529 1175 576 
27 1179 519 1223 551 
27 1436 492 1484 521 
27 821 465 876 489 
27 910 463 944 487 
27 527 489 580 517 
27 1112 530 1171 574 
27 810 467 853 490 
28 1499 601 1567 643 
28 797 470 844 491 
28 1390 494 1446 525 
28 541 489 606 518 
28 1181 523 1222 553 
28 855 467 902 494 
28 495 490 536 520 
28 844 467 888 494 
28 1297 547 1347 580 
28 1117 530 1170 571 
28 451 488 512 521 
28 909 462 945 488 
28 808 466 850 489 
28 441 484 526 520 
28 824 464 876 488 
28 1290 541 1337 576 
28 793 470 828 489 
28 916 460 952 486 
28 1297 547 1348 580 
28 897 465 939 491 
28 843 462 884 486 
29 1471 568 1526 609 
29 1572 758 1909 1072 
29 800 469 843 492 
29 1280 540 1324 571 
29 541 490 605 519 
29 1568 835 1622 1010 
29 492 491 536 521 
29 1387 496 1444 526 
29 855 467 903 495 
29 845 466 888 494 
29 1116 530 1173 572 
29 1179 521 1222 552 
29 808 467 849 489 
29 450 489 507 521 
29 823 463 874 488 
29 909 462 945 488 
29 842 462 883 486 
29 462 487 532 519 
29 901 465 939 489 
30 1402 637 1698 928 
30 1447 548 1502 583 
30 1387 497 1447 530 
30 857 467 903 496 
30 804 469 843 490 
30 1275 538 1314 565 
30 845 467 885 494 
30 543 492 604 520 
30 907 460 946 490 
30 1114 529 1170 573 
30 498 493 539 520 
30 898 462 940 492 
30 1181 527 1221 557 
30 1111 531 1168 573 
30 844 463 884 486 
30 824 466 871 489 
30 812 467 853 489 
30 445 490 502 520 
31 1310 578 1506 779 
31 1458 538 1511 574 
31 1273 536 1308 563 
31 1388 499 1449 529 
31 856 467 902 495 
31 805 469 844 491 
31 909 461 946 489 
31 1186 524 1224 551 
31 843 467 887 495 
31 501 492 540 520 
31 1110 532 1166 573 
31 1462 531 1520 567 
31 448 490 501 520 
31 1114 530 1170 573 
31 1105 525 1154 564 
31 551 495 603 521 
31 1391 495 1444 522 
31 545 489 599 514 
31 824 465 875 490 
32 1265 553 1419 702 
32 1488 525 1543 562 
32 1182 526 1226 556 
32 804 469 843 490 
32 857 467 904 495 
32 1389 494 1448 527 
32 1115 528 1169 573 
32 0 605 45 668 
32 844 467 886 494 
32 544 492 604 520 
32 499 492 540 520 
32 908 462 945 489 
32 436 485 513 518 
32 444 489 507 521 
32 812 466 852 489 
32 897 464 939 491 
32 824 465 872 488 
32 1113 532 1166 574 
32 916 460 953 486 
33 1245 533 1367 660 
33 800 468 846 492 
33 1116 526 1170 573 
33 544 490 605 519 
33 1180 521 1229 554 
33 496 491 537 520 
33 854 466 904 496 
33 843 467 887 495 
33 1481 501 1540 527 
33 449 488 509 520 
33 1396 497 1443 525 
33 1354 464 1371 510 
33 909 462 945 489 
33 444 485 525 520 
33 1108 521 1152 565 
33 551 486 613 513 
34 1229 528 1340 637 
34 1177 519 1220 550 
34 1400 498 1445 525 
34 800 469 850 494 
34 539 490 603 518 
34 443 488 512 521 
34 902 466 942 494 
34 1112 526 1163 569 
34 1480 502 1537 530 
34 831 466 889 500 
34 500 493 537 519 
34 851 464 903 498 
34 437 484 521 520 
34 909 463 946 487 
34 450 483 527 518 
34 535 489 587 515 
35 1214 515 1311 618 
35 1164 511 1201 544 
35 1390 495 1449 524 
35 788 467 837 493 
35 435 485 522 521 
35 778 472 824 494 
35 541 490 600 519 
35 835 474 900 506 
35 445 488 512 522 
35 1102 524 1144 556 
35 495 490 534 519 
35 1484 501 1534 528 
35 732 477 788 496 
35 1100 520 1139 548 
35 1348 459 1364 503 
36 1198 500 1291 595 
36 1367 948 1540 1074 
36 779 472 827 502 
36 1100 521 1142 556 
36 826 488 873 518 
36 1391 494 1447 522 
36 1097 513 1137 542 
36 1093 506 1135 534 
36 438 484 512 519 
36 1152 504 1188 535 
36 795 471 840 501 
36 541 489 604 518 
36 854 458 906 485 
36 829 480 881 513 
36 502 491 536 518 
36 701 480 753 499 
36 446 488 507 520 
36 892 475 934 507 
36 1483 499 1535 527 
37 1181 491 1274 580 
37 1239 732 1338 811 
37 759 482 805 514 
37 1105 526 1144 557 
37 1389 494 1449 523 
37 1481 496 1532 526 
37 1054 418 1089 438 
37 1090 502 1121 524 
37 536 487 597 515 
37 449 488 504 519 
37 807 509 847 541 
37 1083 492 1115 520 
37 808 507 848 540 
37 498 490 534 517 
37 856 459 906 484 
37 1098 522 1135 542 
37 888 480 944 513 
37 434 484 511 518 
38 1431 766 1570 861 
38 1173 482 1247 563 
38 1177 637 1246 690 
38 737 493 782 530 
38 780 534 824 570 
38 1090 509 1138 540 
38 1482 503 1540 527 
38 880 495 921 523 
38 440 487 508 519 
38 1083 493 1110 516 
38 536 487 599 516 
38 431 483 512 518 
38 849 476 909 506 
38 499 491 534 519 
38 1085 488 1114 513 
38 1436 487 1486 516 
38 1466 490 1503 518 
38 1484 498 1539 519 
39 1315 662 1410 725 
39 1127 470 1225 551 
39 720 572 783 624 
39 703 521 752 561 
39 840 480 871 504 
39 829 480 862 503 
39 871 515 909 542 
39 1083 492 1117 519 
39 1148 573 1207 618 
39 1077 489 1107 514 
39 538 487 598 514 
39 1085 490 1136 525 
39 492 489 533 518 
39 454 488 504 519 
39 437 484 512 518 
39 1396 489 1447 522 
40 619 642 711 710 
40 1238 606 1312 653 
40 642 550 708 598 
40 1123 544 1173 580 
40 1383 488 1447 522 
40 1141 466 1206 534 
40 848 533 897 572 
40 447 487 511 520 
40 535 487 602 516 
40 1079 474 1140 513 
40 493 489 532 519 
40 430 483 516 519 
40 850 535 900 572 
40 1475 499 1537 527 
40 526 489 581 517 
41 368 798 540 930 
41 1102 519 1143 549 
41 817 556 874 607 
41 540 606 621 670 
41 1373 490 1441 523 
41 803 508 842 544 
41 1102 457 1194 518 
41 537 488 603 518 
41 430 483 513 519 
41 497 491 535 519 
41 438 486 507 520 
41 1177 564 1238 604 
41 828 477 872 504 
42 334 680 479 788 
42 768 597 845 662 
42 1136 538 1200 573 
42 769 533 820 570 
42 532 488 602 518 
42 1372 490 1442 523 
42 1131 530 1186 563 
42 442 486 511 522 
42 815 478 865 522 
42 431 482 516 521 
42 1104 450 1184 519 
42 494 492 532 521 
42 1084 499 1125 523 
42 814 480 862 521 
43 0 943 63 1080 
43 738 558 796 603 
43 1107 513 1141 539 
43 856 533 902 566 
43 1376 491 1442 524 
43 797 501 847 540 
43 535 487 601 516 
43 690 662 791 753 
43 286 496 334 635 
43 893 484 934 516 
43 445 487 509 520 
43 794 495 844 527 
43 430 483 515 519 
43 495 491 531 519 
43 1476 499 1537 529 
43 804 477 848 501 
43 688 663 791 754 
43 1122 456 1165 498 
43 849 529 898 560 
44 680 599 752 650 
44 831 554 884 595 
44 1374 490 1443 523 
44 284 497 333 630 
44 769 522 826 562 
44 533 797 691 940 
44 799 473 827 492 
44 433 483 517 520 
44 536 488 599 517 
44 800 468 833 487 
44 496 491 534 520 
44 535 792 691 947 
44 877 500 920 537 
44 1476 500 1538 527 
44 442 487 507 520 
45 793 590 856 640 
45 731 548 795 603 
45 854 525 903 566 
45 585 650 684 725 
45 1375 490 1444 522 
45 1074 472 1112 502 
45 433 483 508 519 
45 764 492 803 521 
45 497 491 533 519 
45 535 487 600 515 
45 1477 500 1536 527 
45 443 486 503 519 
46 736 642 820 715 
46 825 560 880 606 
46 1372 490 1443 524 
46 408 774 560 888 
46 537 488 607 519 
46 1198 420 1234 439 
46 726 506 769 544 
46 432 483 512 520 
46 667 588 744 652 
46 1191 416 1231 435 
46 498 492 535 519 
46 671 586 748 655 
46 408 776 560 893 
46 440 486 507 521 
47 774 609 845 670 
47 748 491 803 523 
47 826 557 877 601 
47 872 504 909 542 
47 668 542 724 579 
47 1373 490 1443 523 
47 630 743 750 839 
47 565 643 675 739 
47 425 484 510 520 
47 563 642 673 740 
47 498 492 534 519 
47 628 739 753 844 
47 539 489 602 515 
48 410 964 602 1069 
48 345 755 526 917 
48 594 585 655 634 
48 785 597 853 653 
48 1364 489 1440 525 
48 688 683 785 769 
48 707 504 757 545 
48 840 532 898 578 
48 791 472 829 493 
48 492 492 533 521 
48 429 483 514 520 
48 1363 484 1426 515 
48 872 503 919 528 
49 456 648 552 713 
49 1363 489 1440 524 
49 528 827 679 970 
49 798 578 863 631 
49 655 540 717 586 
49 715 663 803 741 
49 425 482 516 519 
49 713 658 800 742 
49 652 540 712 588 
49 1474 500 1538 529 
49 767 484 821 513 
49 850 528 895 560 
49 491 491 531 520 
49 532 830 682 971 
49 533 489 603 519 
50 178 769 350 883 
50 578 588 651 645 
50 820 557 871 599 
50 727 640 815 720 
50 1371 491 1449 525 
50 572 796 719 927 
50 1364 485 1435 522 
50 573 793 716 920 
50 1474 498 1538 530 
51 447 643 559 724 
51 584 761 720 894 
51 760 606 833 670 
51 1367 489 1440 524 
51 691 536 741 568 
51 1216 423 1256 443 
51 467 489 514 521 
51 1474 499 1537 528 
52 1366 490 1436 526 
52 162 774 349 917 
52 618 571 684 619 
52 653 702 764 795 
52 653 706 765 794 
52 167 778 349 920 
52 1382 486 1442 519 
52 1170 419 1205 438 
52 285 501 333 632 
52 1364 482 1423 511 
53 402 969 582 1074 
53 500 636 587 698 
53 1366 489 1435 524 
53 507 479 594 519 
53 1188 416 1236 435 
53 1178 418 1212 434 
53 1391 485 1440 518 
54 278 727 423 830 
54 460 488 512 521 
54 1374 489 1437 522 
54 453 484 516 520 
54 1398 485 1440 517 
55 1363 489 1426 524 
56 1365 490 1430 524 
56 1381 492 1445 523 
56 423 484 511 518 
56 531 490 596 517 
56 1476 500 1539 527 
56 498 493 531 519 
56 458 489 507 520 
57 533 488 605 517 
57 1374 489 1439 520 
57 864 502 907 532 
57 432 482 520 521 
57 499 492 534 519 
57 441 486 513 521 
57 1474 499 1538 528 
57 527 489 581 518 
58 826 543 880 583 
58 1373 489 1438 521 
58 425 483 509 519 
58 504 492 535 519 
58 1475 500 1536 527 
58 1370 486 1424 514 
58 542 490 598 516 
58 1390 485 1442 514 
59 759 605 837 673 
59 1377 488 1442 518 
59 424 480 500 518 
59 1481 495 1530 526 
59 506 491 534 519 
59 1375 487 1416 515 
59 1409 488 1454 519 
59 422 483 500 518 
60 1379 490 1437 521 
60 1366 490 1423 522 
60 601 746 739 874 
60 602 741 738 873 
60 1464 495 1518 520 
60 426 484 496 518 
