1 3 610 351 812 
1 1197 720 1263 877 
1 518 426 709 523 
1 462 210 540 248 
1 988 144 1101 253 
1 920 318 1019 382 
1 0 563 267 707 
1 1168 341 1300 413 
1 1511 234 1698 285 
1 573 250 655 291 
1 1800 241 1886 282 
1 242 197 333 239 
1 1390 237 1492 270 
1 345 213 422 260 
1 721 345 852 416 
1 390 214 470 260 
1 800 211 859 242 
1 634 204 707 254 
1 152 205 246 235 
1 1072 315 1132 371 
1 855 288 953 345 
1 45 191 123 224 
1 1729 263 1835 291 
1 1772 812 1912 1059 
1 1362 208 1435 244 
1 839 133 871 158 
1 1272 224 1920 829 
31 160 580 464 744 
31 202 334 353 401 
31 1219 677 1277 817 
31 526 428 709 524 
31 1031 151 1219 276 
31 276 457 501 559 
31 1388 232 1498 273 
31 1170 341 1286 413 
31 619 253 705 305 
31 187 806 651 1070 
31 726 344 855 418 
31 1787 245 1884 280 
31 1512 238 1690 287 
31 367 210 461 261 
31 921 317 1025 381 
31 239 196 340 240 
31 140 208 259 242 
31 420 247 546 313 
31 1320 196 1382 235 
31 858 288 963 340 
31 346 213 440 260 
31 455 207 542 245 
31 1071 311 1141 369 
31 965 174 1023 201 
31 39 191 124 226 
31 1739 258 1849 291 
31 907 137 937 156 
31 1771 817 1910 1053 
61 231 540 511 692 
61 174 363 353 458 
61 522 432 708 526 
61 923 318 1022 381 
61 1240 634 1292 776 
61 465 210 545 248 
61 1395 224 1515 274 
61 1174 341 1285 413 
61 1122 132 1360 277 
61 455 626 817 911 
61 43 301 278 417 
61 1507 236 1671 284 
61 380 211 471 258 
61 1747 249 1873 285 
61 1790 240 1887 279 
61 347 213 424 259 
61 724 344 853 418 
61 1074 312 1142 368 
61 241 196 339 241 
61 856 288 960 343 
61 1729 259 1857 294 
61 1293 238 1395 292 
61 1775 820 1911 1061 
61 137 204 262 243 
61 450 392 635 487 
61 52 195 123 228 
61 801 176 848 202 
61 989 188 1040 219 
61 985 182 1038 211 
61 12 203 68 237 
61 1682 231 1784 265 
61 901 134 927 155 
61 453 395 640 488 
91 247 529 522 675 
91 514 429 701 526 
91 920 319 1019 381 
91 460 210 540 245 
91 1251 597 1303 731 
91 715 344 851 419 
91 239 196 337 241 
91 382 210 473 260 
91 1796 242 1884 277 
91 541 357 703 430 
91 338 212 418 259 
91 1751 247 1871 284 
91 1573 233 1692 283 
91 150 207 250 241 
91 1173 338 1293 407 
91 32 200 130 241 
91 1072 308 1136 367 
91 860 288 952 343 
91 1716 261 1855 295 
91 638 523 912 739 
91 807 213 867 242 
91 1767 831 1900 1049 
91 1013 197 1065 234 
91 740 169 800 206 
91 932 168 975 200 
91 857 287 959 350 
91 1009 145 1055 175 
91 933 168 973 204 
91 637 529 909 733 
121 246 529 506 676 
121 510 428 693 524 
121 1391 226 1502 270 
121 918 320 1012 382 
121 460 210 539 247 
121 363 210 467 260 
121 1066 308 1135 369 
121 242 198 336 239 
121 710 345 846 421 
121 18 213 114 248 
121 1263 562 1304 691 
121 1053 205 1135 253 
121 144 203 246 240 
121 1778 244 1854 289 
121 613 327 748 402 
121 49 208 145 242 
121 654 248 746 293 
121 846 180 909 226 
121 88 213 151 242 
121 337 210 440 260 
121 1766 829 1906 1065 
121 858 288 952 344 
121 754 477 969 640 
121 1862 255 1920 290 
121 812 474 944 566 
121 955 162 986 185 
121 1784 247 1829 288 
121 1068 86 1121 204 
121 1845 248 1910 290 
121 42 205 112 240 
151 244 529 506 676 
151 353 318 505 390 
151 1387 223 1516 271 
151 509 427 698 524 
151 608 186 685 217 
151 1157 227 1260 276 
151 1499 234 1699 285 
151 454 213 540 249 
151 359 209 462 257 
151 914 321 1016 382 
151 1064 312 1134 371 
151 243 198 335 239 
151 708 347 845 420 
151 1203 330 1323 398 
151 1765 826 1905 1064 
151 147 205 248 242 
151 828 426 1012 571 
151 88 215 153 245 
151 35 215 110 251 
151 53 209 146 244 
151 855 289 944 344 
151 1117 1024 1179 1078 
151 1275 220 1920 777 
151 37 207 121 241 
151 338 210 416 259 
151 652 326 780 391 
151 684 339 828 407 
151 650 328 776 391 
151 854 287 950 350 
151 678 336 831 406 
181 247 533 516 679 
181 0 766 82 890 
181 511 427 699 524 
181 1139 928 1209 1075 
181 912 317 1014 383 
181 1341 233 1485 286 
181 361 211 467 261 
181 713 345 846 418 
181 239 197 334 239 
181 1179 328 1340 399 
181 450 209 530 249 
181 1064 310 1137 369 
181 1502 237 1680 284 
181 1794 241 1885 278 
181 527 273 646 330 
181 147 204 250 242 
181 530 191 611 227 
181 1771 245 1879 283 
181 673 320 788 387 
181 58 209 146 243 
181 1723 261 1843 297 
181 879 420 1040 528 
181 88 215 150 244 
181 5 216 91 253 
181 917 405 1017 464 
181 614 231 691 277 
181 22 218 114 252 
181 824 197 889 240 
181 854 288 948 348 
181 39 213 85 251 
181 1654 233 1732 274 
181 1764 821 1902 1060 
181 338 212 414 259 
181 1321 200 1405 238 
181 542 815 924 1062 
181 909 135 941 155 
181 683 325 819 398 
181 30 210 114 243 
181 835 132 869 156 
181 853 286 950 350 
181 688 330 814 399 
181 1273 238 1920 785 
211 245 528 504 675 
211 0 750 110 877 
211 124 372 331 466 
211 510 427 699 522 
211 336 291 476 360 
211 1383 230 1495 272 
211 896 574 1088 734 
211 1266 328 1343 389 
211 912 316 1019 382 
211 682 236 768 283 
211 920 382 1059 496 
211 1179 848 1235 995 
211 38 205 150 250 
211 1795 243 1882 278 
211 356 211 459 261 
211 241 198 332 240 
211 711 346 845 420 
211 419 203 536 249 
211 1065 310 1137 369 
211 1769 247 1876 283 
211 149 206 249 243 
211 5 214 98 249 
211 29 211 113 252 
211 1488 235 1620 273 
211 1506 243 1677 283 
211 1713 262 1840 296 
211 903 134 932 157 
211 851 289 947 348 
211 835 134 870 160 
211 673 321 794 382 
211 685 330 834 400 
211 691 335 829 399 
211 1752 812 1908 1068 
211 1005 143 1059 167 
211 95 203 155 241 
241 244 527 511 676 
241 2 755 106 876 
241 510 428 694 524 
241 36 447 310 581 
241 1390 227 1502 272 
241 418 301 551 370 
241 1191 789 1242 930 
241 548 232 632 278 
241 1288 325 1359 379 
241 1873 237 1919 293 
241 463 212 537 246 
241 351 211 455 260 
241 156 207 254 247 
241 1037 455 1164 559 
241 709 349 844 421 
241 248 198 327 237 
241 1498 241 1662 285 
241 946 373 1082 472 
241 1800 246 1871 287 
241 995 158 1064 190 
241 1714 263 1837 297 
241 41 215 110 249 
241 56 211 140 243 
241 376 207 470 253 
241 911 313 1018 376 
241 852 290 944 342 
241 92 215 146 244 
241 961 152 1004 181 
241 837 134 870 158 
241 672 323 794 384 
241 925 310 1111 379 
241 1756 827 1905 1062 
241 1615 239 1698 277 
241 672 326 792 382 
241 885 138 912 156 
241 849 290 944 351 
241 921 309 1115 381 
241 898 133 925 154 
271 244 529 506 676 
271 297 374 500 473 
271 3 759 108 880 
271 0 441 98 528 
271 509 427 696 523 
271 1391 227 1502 270 
271 310 283 435 342 
271 1213 733 1263 867 
271 234 199 327 248 
271 1746 237 1881 277 
271 1317 208 1400 240 
271 1503 236 1707 286 
271 974 352 1092 445 
271 711 347 845 420 
271 363 211 460 259 
271 1107 383 1205 465 
271 48 210 145 248 
271 451 212 530 248 
271 968 171 1022 208 
271 345 209 434 261 
271 917 313 1031 380 
271 85 210 153 247 
271 852 287 946 342 
271 41 211 111 249 
271 668 320 792 384 
271 1059 308 1136 369 
271 1768 820 1907 1054 
271 153 206 234 236 
271 923 166 968 201 
271 870 181 910 210 
271 1019 146 1053 171 
271 835 131 865 157 
271 852 284 956 349 
271 1729 257 1857 293 
271 11 206 58 237 
271 1276 220 1920 780 
271 869 180 911 210 
271 988 342 1084 399 
301 244 530 519 677 
301 2 756 112 880 
301 459 327 616 416 
301 1 350 171 436 
301 513 427 699 527 
301 1223 695 1266 814 
301 1383 228 1505 271 
301 1506 235 1676 284 
301 1170 347 1277 416 
301 458 209 541 246 
301 1796 241 1886 278 
301 356 210 460 259 
301 240 197 324 246 
301 1670 228 1758 271 
301 154 212 255 248 
301 978 343 1088 440 
301 712 346 846 421 
301 920 314 1028 381 
301 45 210 142 248 
301 780 201 837 233 
301 1073 308 1142 371 
301 1725 262 1848 300 
301 89 211 153 245 
301 857 287 951 345 
301 1771 245 1879 284 
301 670 322 795 384 
301 40 206 118 244 
301 12 212 96 247 
301 1777 821 1912 1059 
301 295 216 383 262 
301 855 287 957 351 
301 323 211 414 262 
301 899 134 929 155 
301 1296 198 1334 231 
331 245 529 502 677 
331 2 755 109 878 
331 507 429 695 524 
331 552 303 695 378 
331 1383 230 1497 272 
331 982 340 1096 436 
331 1229 662 1272 767 
331 1514 228 1717 278 
331 355 211 461 260 
331 709 349 845 421 
331 460 211 535 247 
331 1797 243 1882 279 
331 675 320 791 385 
331 237 197 325 243 
331 1224 330 1335 388 
331 932 202 1001 247 
331 49 207 145 242 
331 1072 308 1141 367 
331 150 206 246 241 
331 39 212 112 248 
331 772 188 834 232 
331 688 334 822 405 
331 1722 262 1839 298 
331 914 316 1027 383 
331 7 217 85 246 
331 853 287 944 343 
331 662 228 752 281 
331 833 133 869 159 
331 86 213 151 243 
331 9 209 60 241 
331 300 217 383 262 
331 321 213 409 261 
331 851 285 949 350 
331 901 134 928 155 
361 242 528 511 677 
361 2 755 105 877 
361 507 428 694 524 
361 332 324 486 397 
361 1382 229 1491 272 
361 980 343 1092 436 
361 351 209 447 257 
361 234 197 326 244 
361 704 350 841 421 
361 637 213 732 268 
361 492 264 592 323 
361 454 211 540 247 
361 1067 306 1137 368 
361 42 212 141 248 
361 916 317 1020 383 
361 615 280 731 359 
361 1505 239 1657 281 
361 1799 246 1885 282 
361 1222 626 1266 729 
361 1874 248 1919 287 
361 1713 261 1838 293 
361 149 208 243 244 
361 990 217 1089 271 
361 672 324 802 385 
361 87 214 151 244 
361 1631 239 1699 276 
361 913 163 961 206 
361 849 289 943 344 
361 7 217 90 248 
361 1477 219 1541 259 
361 333 213 421 261 
361 47 209 109 243 
361 1242 193 1260 238 
361 848 286 950 351 
361 835 133 870 157 
391 244 528 510 677 
391 3 759 107 881 
391 506 429 694 525 
391 1123 236 1256 293 
391 201 337 373 419 
391 980 342 1094 436 
391 1507 242 1653 283 
391 236 197 325 243 
391 1069 309 1142 371 
391 707 348 844 421 
391 1232 591 1267 691 
391 352 212 455 260 
391 1393 229 1495 271 
391 434 251 580 334 
391 1715 262 1842 301 
391 453 214 539 252 
391 1797 242 1883 280 
391 50 211 141 249 
391 1768 826 1907 1051 
391 850 288 948 348 
391 151 209 242 241 
391 1360 207 1449 238 
391 674 327 789 385 
391 1629 241 1696 278 
391 44 213 106 251 
391 921 317 1038 385 
391 1686 234 1800 265 
391 91 213 152 244 
391 317 212 410 263 
391 651 280 752 338 
391 647 281 750 341 
391 685 330 829 393 
391 6 217 78 247 
391 925 317 1042 385 
391 849 287 955 354 
421 248 530 524 679 
421 2 756 114 880 
421 512 426 702 526 
421 1508 228 1706 282 
421 1326 254 1408 315 
421 1799 242 1885 279 
421 986 340 1101 435 
421 458 208 540 247 
421 359 211 465 260 
421 713 348 846 420 
421 235 196 328 244 
421 921 312 1038 385 
421 674 325 784 385 
421 857 290 954 345 
421 39 206 150 250 
421 6 205 99 248 
421 1775 818 1913 1061 
421 1249 566 1286 663 
421 1390 231 1493 274 
421 1306 197 1373 234 
421 1721 261 1839 294 
421 149 206 247 241 
421 301 219 382 262 
421 82 319 327 435 
421 28 202 123 246 
421 1071 310 1137 365 
421 686 331 818 391 
421 85 208 154 245 
421 87 320 329 434 
421 669 274 767 339 
421 843 174 885 200 
421 1310 228 1920 797 
421 317 213 408 262 
421 901 135 928 154 
421 676 321 771 367 
451 248 529 523 677 
451 1 750 118 878 
451 0 606 151 716 
451 512 425 701 524 
451 1385 231 1500 272 
451 454 210 541 248 
451 29 198 157 247 
451 1484 241 1646 280 
451 236 196 330 243 
451 985 339 1101 435 
451 713 349 845 420 
451 367 212 465 258 
451 1797 242 1884 280 
451 1256 536 1292 628 
451 677 324 791 384 
451 1616 239 1691 274 
451 858 289 954 345 
451 922 313 1033 384 
451 151 206 246 240 
451 1714 263 1831 291 
451 340 214 444 259 
451 301 221 383 262 
451 1072 308 1138 365 
451 314 216 405 262 
451 908 137 939 155 
451 1769 818 1909 1054 
451 667 272 769 337 
451 678 320 777 365 
451 836 132 868 158 
481 244 525 524 677 
481 85 511 360 643 
481 2 748 118 876 
481 515 426 701 524 
481 1777 241 1885 288 
481 458 208 545 249 
481 714 347 846 420 
481 368 213 463 259 
481 244 198 332 243 
481 984 341 1103 435 
481 1468 239 1582 278 
481 1398 235 1482 274 
481 1574 240 1698 277 
481 1074 311 1142 368 
481 678 325 788 383 
481 802 185 851 211 
481 923 315 1037 385 
481 24 212 163 250 
481 856 289 954 346 
481 49 209 176 242 
481 937 174 984 204 
481 1356 208 1431 242 
481 688 332 822 391 
481 907 185 949 214 
481 1232 176 1272 226 
481 668 273 766 337 
481 1770 826 1905 1052 
481 1274 516 1305 602 
481 1690 264 1808 296 
481 1223 172 1267 218 
481 838 133 870 156 
481 1287 231 1920 714 
481 680 320 772 364 
481 301 220 380 259 
481 329 216 410 260 
481 931 178 973 208 
481 900 136 928 156 
481 906 136 937 155 
481 664 273 767 338 
511 251 522 521 678 
511 2 753 116 880 
511 269 446 492 560 
511 515 427 706 524 
511 1330 235 1487 279 
511 1716 243 1878 293 
511 1578 236 1715 289 
511 986 341 1105 436 
511 468 211 577 247 
511 357 211 464 260 
511 715 347 847 420 
511 922 314 1034 385 
511 855 290 956 348 
511 256 199 333 239 
511 675 322 770 381 
511 904 187 950 214 
511 794 184 843 211 
511 839 139 871 160 
511 31 212 111 254 
511 90 216 160 247 
511 1069 309 1138 367 
511 1776 832 1909 1061 
511 60 209 150 246 
511 1320 202 1384 236 
511 1008 161 1045 188 
511 6 214 96 251 
511 429 212 503 251 
511 936 180 975 208 
511 668 275 763 337 
511 690 332 826 389 
511 665 273 764 338 
541 249 530 527 679 
541 1 755 116 880 
541 362 418 563 518 
541 559 209 654 245 
541 1390 230 1505 270 
541 517 428 706 524 
541 155 208 263 246 
541 989 342 1112 435 
541 441 212 516 252 
541 1183 233 1334 277 
541 925 312 1041 383 
541 717 345 848 419 
541 858 289 959 344 
541 389 215 470 259 
541 42 201 157 247 
541 676 321 766 380 
541 1779 822 1911 1057 
541 796 184 842 212 
541 262 198 342 239 
541 1295 463 1324 551 
541 1707 247 1838 290 
541 309 223 396 263 
541 5 203 79 248 
541 1303 265 1920 708 
541 1596 234 1697 277 
541 1795 247 1889 283 
541 26 206 106 252 
541 340 223 436 260 
541 663 274 760 336 
541 1076 317 1137 370 
541 840 134 871 156 
541 10 195 61 243 
541 905 182 949 211 
541 1075 315 1138 371 
541 666 275 768 336 
571 253 529 525 677 
571 1 752 119 878 
571 420 399 609 491 
571 513 427 707 525 
571 441 208 522 249 
571 1392 231 1521 269 
571 988 341 1113 436 
571 364 219 455 260 
571 717 344 850 420 
571 926 314 1035 384 
571 1576 234 1707 282 
571 1796 244 1900 285 
571 857 289 957 342 
571 1013 233 1168 279 
571 1077 316 1140 371 
571 677 322 763 382 
571 1775 817 1910 1055 
571 22 206 110 247 
571 674 213 769 245 
571 793 185 843 212 
571 61 206 147 244 
571 89 214 153 245 
571 39 204 125 241 
571 1239 187 1272 223 
571 1860 239 1917 286 
571 840 134 870 156 
571 1687 249 1824 286 
571 1233 181 1267 212 
571 907 183 947 213 
571 667 274 771 338 
571 1301 450 1327 525 
571 706 336 833 402 
601 253 529 524 676 
601 2 749 119 876 
601 456 389 621 481 
601 519 428 707 526 
601 519 207 610 245 
601 1395 232 1499 273 
601 857 228 992 284 
601 1561 241 1702 285 
601 719 345 851 420 
601 924 317 1028 385 
601 383 212 466 259 
601 1480 245 1585 282 
601 10 201 106 247 
601 341 216 425 262 
601 988 346 1108 435 
601 33 200 134 245 
601 447 212 514 245 
601 854 289 963 352 
601 1734 231 1917 289 
601 676 322 766 380 
601 1073 315 1139 371 
601 1297 428 1327 503 
601 905 137 935 155 
601 666 276 755 334 
601 969 225 1024 262 
601 12 192 65 236 
601 1768 818 1912 1059 
601 709 337 835 403 
601 671 278 765 333 
631 252 540 525 693 
631 2 755 118 878 
631 1763 239 1883 287 
631 471 382 646 471 
631 520 428 709 528 
631 641 209 734 246 
631 670 245 816 327 
631 417 204 518 252 
631 1290 234 1416 273 
631 990 345 1112 435 
631 792 229 871 273 
631 154 211 260 246 
631 719 344 852 419 
631 1499 241 1608 277 
631 71 199 158 243 
631 1398 232 1502 274 
631 22 206 115 250 
631 360 228 426 265 
631 1293 418 1320 485 
631 310 776 696 1080 
631 855 288 960 342 
631 924 314 1038 385 
631 1776 826 1912 1059 
631 378 220 461 260 
631 1305 302 1323 360 
631 396 210 487 256 
631 1077 317 1140 373 
631 683 326 769 385 
631 1594 227 1775 285 
631 1604 227 1783 285 
631 316 225 401 265 
631 310 222 372 261 
631 273 208 340 242 
661 251 531 528 678 
661 2 754 117 879 
661 1763 240 1879 281 
661 519 429 706 528 
661 485 374 654 465 
661 510 202 616 244 
661 989 341 1114 435 
661 1108 231 1217 268 
661 719 346 849 420 
661 609 242 710 300 
661 31 199 154 248 
661 788 199 888 246 
661 1391 233 1471 268 
661 1579 237 1705 279 
661 383 218 471 258 
661 926 315 1033 383 
661 856 287 959 343 
661 682 320 771 381 
661 1776 817 1912 1053 
661 587 605 867 847 
661 448 215 511 248 
661 1453 217 1584 278 
661 899 174 940 210 
661 1076 315 1140 373 
661 334 219 442 262 
661 662 274 736 332 
661 479 263 638 346 
661 839 132 875 156 
661 1297 401 1325 462 
661 478 264 636 348 
661 6 202 101 246 
661 26 197 115 242 
661 1076 101 1137 216 
661 155 202 242 235 
661 667 272 763 338 
661 151 199 244 236 
661 1452 219 1584 277 
691 252 529 526 675 
691 2 751 120 877 
691 226 328 429 426 
691 518 428 707 527 
691 488 375 654 462 
691 396 260 536 334 
691 634 206 732 246 
691 1769 242 1898 284 
691 718 347 851 419 
691 360 222 449 262 
691 923 318 1021 383 
691 432 211 523 252 
691 45 203 152 247 
691 856 287 957 349 
691 1400 228 1511 270 
691 1578 236 1698 273 
691 1268 210 1381 267 
691 987 340 1108 435 
691 792 185 844 212 
691 247 198 319 242 
691 1774 828 1911 1063 
691 1075 319 1137 371 
691 25 204 111 250 
691 925 205 1031 267 
691 883 172 939 209 
691 691 318 789 371 
691 724 517 946 705 
691 1134 182 1178 209 
691 1295 246 1920 665 
691 312 223 392 264 
691 696 329 821 388 
691 1223 112 1269 135 
721 251 529 524 675 
721 0 751 119 879 
721 487 373 654 460 
721 520 428 708 525 
721 131 309 312 401 
721 1 433 67 531 
721 1795 243 1883 284 
721 1396 232 1505 273 
721 553 208 653 244 
721 1579 236 1697 279 
721 722 349 853 421 
721 450 216 514 249 
721 987 341 1110 436 
721 25 201 160 251 
721 928 316 1042 385 
721 320 218 425 262 
721 392 216 472 256 
721 1075 315 1139 371 
721 1688 254 1817 290 
721 1065 199 1195 265 
721 857 289 957 344 
721 162 203 262 236 
721 800 477 995 642 
721 751 229 868 273 
721 876 179 940 212 
721 697 311 799 372 
721 9 204 99 250 
721 1774 823 1907 1064 
721 706 324 825 395 
721 946 178 1010 214 
721 669 276 757 339 
721 800 477 993 646 
721 1060 190 1124 233 
751 250 534 524 686 
751 1766 240 1880 281 
751 0 769 114 896 
751 1392 232 1503 272 
751 519 428 708 526 
751 488 373 651 462 
751 460 206 544 247 
751 0 830 335 1072 
751 573 253 698 299 
751 987 342 1111 437 
751 738 340 866 413 
751 1516 235 1693 284 
751 922 318 1019 385 
751 23 199 163 249 
751 383 218 471 259 
751 700 216 800 243 
751 709 318 799 367 
751 1780 824 1917 1062 
751 152 210 259 240 
751 1074 314 1140 372 
751 885 190 1026 268 
751 856 287 958 354 
751 660 283 731 333 
751 5 204 91 249 
751 1133 176 1189 215 
751 843 449 1017 602 
751 335 222 441 261 
751 795 187 843 213 
751 884 191 1026 267 
751 840 450 1021 597 
751 866 174 921 206 
751 307 219 402 264 
781 248 539 525 691 
781 2 754 116 880 
781 234 673 555 883 
781 520 428 709 526 
781 585 203 674 244 
781 489 374 654 461 
781 750 333 875 405 
781 1584 238 1700 274 
781 988 343 1113 437 
781 1362 228 1477 272 
781 366 288 500 348 
781 154 205 269 250 
781 360 215 465 259 
781 863 203 959 241 
781 1049 184 1121 229 
781 1743 245 1894 289 
781 922 315 1037 386 
781 46 202 156 250 
781 449 211 522 246 
781 664 273 750 337 
781 1776 820 1915 1056 
781 1177 164 1211 192 
781 1493 244 1590 278 
781 3 205 84 251 
781 855 289 959 359 
781 706 299 813 363 
781 863 434 1033 582 
781 1077 316 1139 372 
781 699 207 850 282 
781 938 177 1002 210 
781 697 206 849 281 
781 324 216 438 261 
781 299 217 391 262 
781 1252 197 1268 235 
781 21 203 105 250 
781 70 72 1582 686 
781 1076 314 1141 373 
811 254 540 527 693 
811 1 754 124 877 
811 177 933 590 1071 
811 1784 240 1883 281 
811 486 372 651 460 
811 535 423 712 521 
811 433 584 692 753 
811 68 349 258 435 
811 754 330 878 402 
811 1545 235 1690 285 
811 989 342 1110 435 
811 922 317 1028 386 
811 387 220 471 258 
811 65 206 155 247 
811 721 312 814 357 
811 738 204 841 246 
811 1205 224 1314 266 
811 10 207 108 248 
811 1667 255 1805 294 
811 1016 195 1097 235 
811 664 278 743 341 
811 856 290 959 357 
811 1387 234 1481 272 
811 40 210 127 252 
811 1134 181 1186 217 
811 1774 822 1912 1055 
811 519 224 684 314 
811 877 427 1043 562 
811 1422 231 1498 266 
811 265 204 345 242 
811 320 222 442 261 
811 1076 319 1137 372 
811 835 177 883 205 
811 517 227 673 312 
811 945 178 1006 212 
811 478 209 584 243 
811 880 183 930 212 
841 253 539 527 691 
841 1 749 121 878 
841 584 527 773 650 
841 1771 244 1900 296 
841 491 376 649 467 
841 567 409 733 502 
841 281 777 744 1063 
841 753 329 878 403 
841 990 345 1109 438 
841 628 204 731 246 
841 455 214 521 252 
841 1514 240 1699 288 
841 303 255 492 357 
841 21 203 154 251 
841 724 310 815 361 
841 1333 250 1395 299 
841 855 289 960 355 
841 161 211 273 244 
841 1409 233 1492 276 
841 1074 316 1140 371 
841 927 318 1049 387 
841 1046 215 1162 262 
841 672 275 760 344 
841 9 206 97 249 
841 1775 819 1908 1060 
841 878 426 1045 561 
841 1121 188 1177 219 
841 1430 227 1504 270 
841 962 333 1097 422 
841 383 219 461 254 
841 836 179 885 206 
841 910 193 997 236 
841 908 196 1000 238 
841 667 280 742 340 
841 1349 241 1417 296 
871 257 535 529 683 
871 1 757 122 879 
871 451 684 816 993 
871 487 376 646 467 
871 585 402 754 490 
871 1743 245 1880 290 
871 520 209 609 248 
871 753 328 879 403 
871 661 476 826 592 
871 1581 238 1735 289 
871 32 289 287 423 
871 455 216 516 248 
871 857 288 965 353 
871 394 219 474 258 
871 673 274 756 344 
871 18 207 145 250 
871 1776 815 1912 1053 
871 993 345 1113 440 
871 724 309 819 361 
871 925 317 1042 385 
871 1047 187 1123 229 
871 1387 232 1510 272 
871 1360 233 1503 283 
871 901 222 1009 263 
871 55 207 167 245 
871 1078 315 1139 373 
871 783 202 893 247 
871 1199 230 1270 264 
871 878 427 1044 563 
871 76 99 1889 748 
871 879 426 1041 565 
871 880 424 1042 567 
901 258 530 528 676 
901 2 754 118 880 
901 524 659 841 922 
901 723 452 886 555 
901 487 376 647 467 
901 603 401 762 484 
901 1390 233 1504 274 
901 1253 237 1346 280 
901 449 211 521 249 
901 1766 243 1901 289 
901 753 331 878 402 
901 152 200 258 245 
901 991 343 1113 439 
901 1485 240 1586 278 
901 926 319 1028 384 
901 1582 239 1708 283 
901 28 201 155 252 
901 721 306 817 362 
901 1151 181 1207 214 
901 648 211 741 246 
901 382 216 473 256 
901 1046 231 1145 266 
901 746 226 863 275 
901 857 289 960 354 
901 316 220 435 260 
901 0 336 52 452 
901 936 186 1031 240 
901 1780 823 1913 1047 
901 1073 314 1141 368 
901 1856 255 1919 292 
901 879 427 1045 563 
901 672 265 768 344 
901 840 176 881 207 
901 0 333 53 455 
901 1432 699 1920 1051 
901 1212 248 1266 278 
901 935 188 1026 239 
901 880 425 1041 566 
931 284 520 535 665 
931 2 753 121 877 
931 487 377 645 464 
931 1070 233 1189 278 
931 559 639 863 884 
931 752 421 902 528 
931 604 399 769 481 
931 1691 240 1885 294 
931 560 211 660 244 
931 1342 237 1430 271 
931 752 331 878 401 
931 1580 235 1699 276 
931 453 216 517 249 
931 988 344 1110 437 
931 921 319 1020 384 
931 391 219 473 257 
931 1779 821 1913 1057 
931 1414 233 1501 271 
931 856 291 957 355 
931 603 237 722 301 
931 888 228 986 265 
931 1293 299 1309 358 
931 51 209 159 251 
931 325 222 430 261 
931 1075 318 1141 369 
931 723 312 817 361 
931 1291 239 1331 267 
931 878 424 1042 564 
931 1032 181 1121 226 
931 669 279 750 342 
931 20 205 109 245 
931 667 276 760 345 
931 1037 181 1125 229 
931 147 131 176 167 
931 1326 235 1402 264 
961 313 507 568 645 
961 1 750 115 879 
961 582 623 870 859 
961 488 377 648 465 
961 1767 241 1887 281 
961 789 405 927 496 
961 601 400 764 482 
961 1400 230 1502 272 
961 1311 244 1398 283 
961 445 204 518 247 
961 65 210 160 251 
961 987 343 1103 436 
961 161 210 265 247 
961 749 332 875 402 
961 1164 231 1272 267 
961 419 261 566 339 
961 910 228 1036 283 
961 874 426 1041 567 
961 921 321 1026 388 
961 854 290 964 355 
961 388 217 466 261 
961 1073 316 1140 372 
961 716 305 819 359 
961 670 258 780 338 
961 31 205 117 245 
961 347 224 439 263 
961 716 228 807 278 
961 800 188 844 215 
961 1773 825 1906 1064 
961 1122 182 1179 220 
961 291 216 358 259 
961 1536 231 1694 287 
961 1532 234 1694 285 
961 704 293 807 351 
961 1120 182 1177 218 
961 840 179 882 207 
961 1284 233 1920 826 
991 326 505 576 640 
991 0 603 153 723 
991 0 756 119 880 
991 586 621 871 854 
991 1765 240 1882 282 
991 482 376 645 467 
991 1153 236 1247 278 
991 1581 234 1710 274 
991 525 196 656 247 
991 815 380 943 475 
991 530 257 641 312 
991 1386 227 1538 277 
991 1020 228 1115 266 
991 190 309 379 401 
991 753 237 884 289 
991 986 341 1102 439 
991 751 333 878 401 
991 600 400 763 481 
991 718 307 820 364 
991 19 203 159 251 
991 926 316 1033 391 
991 360 217 468 260 
991 154 203 252 240 
991 1162 165 1214 200 
991 1070 310 1138 369 
991 663 276 746 339 
991 854 290 955 359 
991 449 213 515 246 
991 1773 824 1911 1059 
991 313 217 443 262 
991 166 213 269 251 
991 872 423 1042 567 
991 870 421 1045 567 
991 942 180 1000 210 
991 868 211 962 239 
1021 340 509 582 640 
1021 59 518 334 666 
1021 2 760 119 885 
1021 591 621 878 855 
1021 330 296 469 365 
1021 486 375 647 464 
1021 834 383 951 460 
1021 1385 232 1498 271 
1021 606 399 762 481 
1021 1741 249 1875 288 
1021 1585 236 1697 274 
1021 750 332 877 404 
1021 988 344 1110 439 
1021 1793 243 1881 280 
1021 1229 228 1374 281 
1021 0 386 66 485 
1021 846 227 962 274 
1021 446 214 517 250 
1021 1774 825 1914 1060 
1021 14 204 165 253 
1021 386 218 477 261 
1021 720 311 817 359 
1021 352 222 430 262 
1021 857 288 955 359 
1021 926 315 1030 388 
1021 688 207 810 249 
1021 1074 318 1138 371 
1021 1004 238 1098 279 
1021 612 254 751 322 
1021 241 197 317 243 
1021 875 424 1046 563 
1021 876 423 1044 567 
1021 1010 192 1091 225 
1051 361 498 594 628 
1051 193 483 423 604 
1051 1 761 118 884 
1051 2 370 196 463 
1051 591 620 878 856 
1051 1766 240 1880 281 
1051 485 376 647 463 
1051 1398 229 1504 271 
1051 752 331 876 405 
1051 1564 231 1709 286 
1051 845 373 961 456 
1051 607 401 763 482 
1051 436 282 585 355 
1051 509 211 606 244 
1051 991 344 1113 441 
1051 372 213 475 261 
1051 1779 824 1913 1061 
1051 151 205 276 248 
1051 871 238 954 276 
1051 19 206 155 253 
1051 1085 221 1220 279 
1051 718 309 814 361 
1051 445 210 519 245 
1051 671 256 786 342 
1051 671 275 743 346 
1051 852 290 958 366 
1051 419 212 506 251 
1051 926 315 1046 390 
1051 317 216 444 262 
1051 1263 200 1279 239 
1051 874 425 1044 562 
1051 789 190 848 220 
1051 1074 312 1139 370 
1051 942 179 1008 216 
1051 293 218 403 263 
1051 1208 167 1260 204 
1051 875 424 1043 568 
1081 2 762 118 885 
1081 367 490 607 622 
1081 242 460 464 582 
1081 586 621 873 854 
1081 225 325 409 419 
1081 483 375 645 464 
1081 587 206 675 243 
1081 1385 231 1498 271 
1081 1763 242 1904 294 
1081 500 258 630 317 
1081 841 374 957 452 
1081 152 213 270 249 
1081 989 339 1102 438 
1081 1586 235 1701 274 
1081 604 400 762 480 
1081 29 207 152 253 
1081 750 334 874 403 
1081 348 216 466 263 
1081 1073 316 1137 369 
1081 1773 828 1911 1063 
1081 934 219 1071 280 
1081 923 318 1025 391 
1081 850 288 956 357 
1081 10 205 112 250 
1081 721 307 819 363 
1081 448 206 523 244 
1081 793 188 847 215 
1081 871 424 1044 563 
1081 665 273 745 343 
1081 701 283 811 350 
1081 253 203 335 244 
1081 672 268 781 342 
1081 943 180 999 209 
1081 300 220 409 264 
1081 1298 231 1920 833 
1081 872 423 1043 567 
1081 830 179 877 207 
1081 715 248 813 298 
1111 1 772 118 893 
1111 582 621 872 855 
1111 1 403 120 508 
1111 369 492 607 623 
1111 1761 240 1882 282 
1111 247 458 470 575 
1111 482 375 645 464 
1111 300 299 450 367 
1111 1398 232 1511 273 
1111 840 373 959 452 
1111 1598 246 1726 292 
1111 989 344 1104 438 
1111 0 958 460 1074 
1111 604 399 762 481 
1111 750 332 874 405 
1111 357 213 463 261 
1111 547 200 660 246 
1111 148 214 273 252 
1111 792 219 939 289 
1111 1073 317 1140 370 
1111 446 217 516 249 
1111 924 315 1036 396 
1111 853 286 959 360 
1111 717 307 818 360 
1111 11 206 137 254 
1111 1777 828 1909 1062 
1111 584 267 670 324 
1111 660 280 748 345 
1111 1295 224 1920 819 
1111 642 203 699 239 
1111 871 424 1046 568 
1111 870 425 1047 564 
1111 658 281 738 342 
1111 585 267 676 326 
1111 1173 167 1211 199 
1111 945 180 1006 213 
1111 878 184 932 213 
1111 562 128 727 215 
1111 399 208 485 248 
1141 155 707 521 952 
1141 2 759 118 883 
1141 373 492 607 623 
1141 590 621 876 853 
1141 251 459 469 576 
1141 485 376 648 463 
1141 1575 236 1699 276 
1141 1401 235 1499 271 
1141 5 366 207 459 
1141 844 373 960 454 
1141 1489 241 1585 279 
1141 1771 244 1902 289 
1141 751 330 875 405 
1141 155 211 274 251 
1141 993 346 1110 440 
1141 440 214 521 251 
1141 453 303 568 363 
1141 607 400 763 482 
1141 396 219 478 259 
1141 19 202 161 254 
1141 718 309 819 364 
1141 1777 824 1913 1062 
1141 922 315 1041 395 
1141 650 238 791 335 
1141 342 225 424 264 
1141 853 291 954 359 
1141 1075 317 1139 372 
1141 648 198 742 243 
1141 943 179 1008 216 
1141 874 426 1046 563 
1141 795 189 848 215 
1141 1839 256 1920 291 
1141 1331 207 1410 238 
1141 838 181 880 208 
1141 290 215 341 257 
1171 376 492 616 621 
1171 1 761 118 884 
1171 430 584 684 756 
1171 254 459 474 576 
1171 244 352 402 429 
1171 591 620 879 852 
1171 486 374 645 463 
1171 1693 247 1834 291 
1171 847 368 963 453 
1171 1582 236 1697 275 
1171 1808 241 1889 284 
1171 752 329 875 405 
1171 1292 238 1439 279 
1171 1411 229 1506 270 
1171 996 344 1113 440 
1171 511 208 614 246 
1171 15 200 164 253 
1171 606 401 764 481 
1171 720 311 816 361 
1171 478 260 638 347 
1171 579 200 640 238 
1171 1772 822 1914 1062 
1171 450 220 511 249 
1171 670 276 757 343 
1171 390 220 472 259 
1171 1075 315 1140 371 
1171 828 185 953 241 
1171 876 425 1044 563 
1171 851 288 955 360 
1171 927 314 1043 394 
1171 945 178 1009 214 
1171 1178 167 1220 200 
1171 309 223 412 266 
1171 43 102 1343 839 
1171 276 205 342 243 
1171 705 169 722 219 
1171 853 290 961 360 
1201 5 843 242 1068 
1201 247 458 469 576 
1201 370 493 607 623 
1201 589 614 879 849 
1201 558 529 766 664 
1201 0 770 115 886 
1201 483 377 645 462 
1201 1772 240 1884 281 
1201 1395 229 1506 271 
1201 0 471 38 532 
1201 844 375 958 452 
1201 363 214 468 261 
1201 146 210 276 252 
1201 1107 230 1230 277 
1201 1572 242 1707 288 
1201 991 342 1107 437 
1201 463 201 543 243 
1201 750 331 874 404 
1201 605 400 762 478 
1201 17 203 156 253 
1201 719 308 819 359 
1201 1775 824 1911 1063 
1201 1073 317 1137 372 
1201 922 315 1032 393 
1201 1716 240 1802 280 
1201 264 302 460 411 
1201 851 289 955 357 
1201 872 424 1045 564 
1201 9 206 112 251 
1201 668 273 760 345 
1201 669 274 757 344 
1201 298 217 388 261 
1201 331 215 444 261 
1201 1192 162 1226 188 
1201 265 302 460 412 
1201 1689 237 1752 272 
1201 997 181 1085 231 
1201 632 212 735 248 
1231 111 722 448 959 
1231 369 492 607 622 
1231 247 459 468 577 
1231 0 752 117 880 
1231 590 621 877 851 
1231 628 492 809 608 
1231 483 376 646 462 
1231 1398 232 1498 273 
1231 1583 239 1687 281 
1231 1766 241 1895 282 
1231 16 195 161 255 
1231 842 375 959 452 
1231 991 344 1105 440 
1231 459 216 539 248 
1231 752 331 874 404 
1231 603 399 763 479 
1231 1495 238 1605 282 
1231 769 211 864 246 
1231 1774 825 1911 1062 
1231 719 309 818 359 
1231 392 217 472 259 
1231 905 233 1037 280 
1231 667 275 756 343 
1231 350 223 422 261 
1231 230 202 310 242 
1231 922 314 1039 394 
1231 852 292 954 361 
1231 1328 206 1402 239 
1231 1074 316 1137 371 
1231 303 219 371 261 
1231 0 375 181 524 
1231 0 372 177 524 
1231 872 425 1044 564 
1231 707 172 723 222 
1231 946 178 1006 212 
1231 308 221 397 264 
1231 872 425 1043 568 
1261 268 657 551 853 
1261 373 492 610 620 
1261 0 743 154 869 
1261 251 459 471 576 
1261 564 209 666 247 
1261 484 375 645 462 
1261 665 471 829 584 
1261 594 622 879 852 
1261 1396 233 1494 273 
1261 1752 243 1887 287 
1261 846 367 966 454 
1261 1560 238 1665 279 
1261 996 342 1112 439 
1261 455 217 519 249 
1261 1478 238 1569 277 
1261 749 329 876 402 
1261 605 400 764 478 
1261 1878 236 1920 278 
1261 1780 824 1914 1061 
1261 362 217 459 259 
1261 1162 165 1216 200 
1261 38 212 151 252 
1261 8 208 120 248 
1261 720 309 817 360 
1261 798 188 842 215 
1261 852 287 956 359 
1261 926 312 1037 392 
1261 840 179 882 205 
1261 737 241 831 290 
1261 1077 317 1140 371 
1261 874 424 1045 564 
1261 673 265 776 342 
1261 694 279 810 350 
1261 1076 315 1141 373 
1261 875 425 1043 569 
1261 672 262 772 341 
1261 854 289 962 361 
1291 347 618 601 793 
1291 377 492 608 617 
1291 1 738 158 868 
1291 251 456 474 577 
1291 485 378 647 463 
1291 1548 236 1695 280 
1291 1394 234 1493 272 
1291 592 619 877 851 
1291 467 212 551 248 
1291 689 215 795 246 
1291 848 365 967 453 
1291 994 340 1109 438 
1291 604 400 763 480 
1291 522 265 663 334 
1291 748 332 875 402 
1291 1476 241 1567 279 
1291 1744 239 1865 283 
1291 1773 821 1914 1063 
1291 690 456 853 568 
1291 1807 240 1885 279 
1291 388 219 478 259 
1291 1715 236 1831 283 
1291 359 221 455 263 
1291 26 205 146 251 
1291 724 309 828 361 
1291 664 271 766 346 
1291 852 288 954 359 
1291 923 312 1024 390 
1291 1014 198 1061 229 
1291 8 206 108 248 
1291 874 424 1046 562 
1291 1077 318 1137 370 
1291 836 180 880 208 
1291 1077 316 1138 371 
1291 429 218 496 256 
1291 107 104 1736 763 
1291 802 186 848 212 
1291 264 204 347 247 
1291 1318 205 1373 236 
1291 261 204 339 242 
1291 876 426 1044 568 
1321 392 599 624 770 
1321 0 737 166 874 
1321 375 492 606 620 
1321 252 458 472 577 
1321 603 208 699 246 
1321 486 376 648 462 
1321 340 312 496 396 
1321 1393 234 1493 272 
1321 696 453 857 563 
1321 592 617 878 850 
1321 1738 242 1873 286 
1321 382 231 494 273 
1321 1552 236 1685 280 
1321 991 340 1109 439 
1321 1479 241 1563 279 
1321 847 365 966 453 
1321 19 196 162 253 
1321 749 331 877 403 
1321 604 400 765 480 
1321 1774 822 1908 1053 
1321 726 309 826 360 
1321 670 274 760 344 
1321 1663 231 1747 273 
1321 1098 191 1155 218 
1321 922 312 1026 390 
1321 476 225 547 261 
1321 853 290 954 359 
1321 1802 242 1885 279 
1321 1076 318 1138 370 
1321 147 208 263 240 
1321 296 213 356 244 
1321 842 213 938 241 
1321 562 133 725 214 
1321 874 424 1046 562 
1321 1315 201 1368 234 
1321 9 200 106 250 
1321 520 225 569 256 
1321 127 90 1778 732 
1321 876 425 1044 568 
1321 855 292 961 359 
1321 1199 155 1237 180 
1351 0 726 188 875 
1351 373 492 604 620 
1351 396 597 625 761 
1351 249 457 470 575 
1351 1 388 241 510 
1351 486 376 647 460 
1351 591 617 877 851 
1351 695 453 860 563 
1351 1556 239 1680 281 
1351 1394 235 1494 273 
1351 846 368 966 452 
1351 1480 241 1564 279 
1351 992 339 1110 438 
1351 605 399 765 479 
1351 1773 827 1912 1057 
1351 749 331 877 402 
1351 313 211 396 250 
1351 1729 244 1872 286 
1351 490 219 608 275 
1351 923 312 1041 393 
1351 542 210 651 263 
1351 30 209 156 252 
1351 734 211 836 246 
1351 724 305 829 364 
1351 668 278 754 343 
1351 1784 242 1889 281 
1351 851 288 954 363 
1351 1638 234 1724 273 
1351 1206 139 1246 173 
1351 986 206 1061 239 
1351 1874 248 1918 277 
1351 1075 315 1140 371 
1351 21 205 118 247 
1351 873 424 1047 562 
1351 833 178 880 206 
1351 152 202 290 247 
1351 1076 318 1139 370 
1351 875 425 1045 568 
1351 34 107 1396 793 
1351 875 180 913 208 
1351 381 160 432 187 
1381 3 711 213 874 
1381 375 491 604 621 
1381 396 597 624 764 
1381 249 458 470 574 
1381 486 375 646 460 
1381 591 618 877 851 
1381 696 454 857 562 
1381 1394 234 1494 273 
1381 1556 239 1683 281 
1381 365 203 464 249 
1381 1725 243 1881 286 
1381 846 371 962 452 
1381 639 206 699 239 
1381 992 343 1105 437 
1381 1480 243 1561 279 
1381 605 398 765 479 
1381 746 330 877 400 
1381 920 313 1028 400 
1381 277 220 371 270 
1381 653 229 781 279 
1381 1774 819 1909 1054 
1381 28 204 143 251 
1381 1804 243 1895 278 
1381 1078 201 1139 231 
1381 1637 233 1724 272 
1381 1073 314 1140 370 
1381 851 288 955 363 
1381 873 424 1046 562 
1381 683 229 803 269 
1381 235 209 343 260 
1381 873 210 959 240 
1381 1175 164 1219 193 
1381 721 306 816 360 
1381 664 271 740 345 
1381 876 425 1044 567 
1411 375 491 605 620 
1411 393 596 624 764 
1411 0 695 225 874 
1411 249 457 470 575 
1411 486 375 646 460 
1411 590 617 878 851 
1411 1 617 122 722 
1411 696 454 858 563 
1411 1553 239 1684 280 
1411 1461 237 1560 279 
1411 846 370 962 452 
1411 1731 243 1872 287 
1411 370 232 473 276 
1411 1352 230 1464 264 
1411 855 239 1016 289 
1411 991 345 1103 437 
1411 746 331 877 401 
1411 606 398 765 479 
1411 289 226 356 266 
1411 26 202 109 251 
1411 196 206 292 240 
1411 722 306 819 366 
1411 1076 314 1140 370 
1411 1139 196 1182 223 
1411 668 275 755 342 
1411 780 198 862 241 
1411 1774 820 1910 1057 
1411 467 209 562 253 
1411 1769 245 1884 282 
1411 41 202 154 250 
1411 918 309 1045 396 
1411 1805 243 1888 278 
1411 1642 232 1720 273 
1411 854 298 946 364 
1411 145 125 175 166 
1411 872 424 1045 563 
1411 875 425 1043 568 
1411 466 210 562 252 
1441 390 596 623 763 
1441 372 491 604 621 
1441 0 600 177 709 
1441 248 457 469 573 
1441 0 691 219 883 
1441 589 618 877 850 
1441 485 375 646 461 
1441 611 212 708 256 
1441 1560 238 1651 277 
1441 696 453 858 563 
1441 846 371 961 451 
1441 1130 257 1263 318 
1441 1740 244 1871 286 
1441 1461 239 1566 277 
1441 1290 224 1394 259 
1441 605 398 763 479 
1441 990 342 1104 437 
1441 79 201 200 244 
1441 747 331 875 400 
1441 355 234 438 272 
1441 435 243 524 289 
1441 1622 230 1716 273 
1441 1773 829 1913 1064 
1441 1804 243 1887 279 
1441 717 307 816 362 
1441 921 311 1030 397 
1441 667 270 764 344 
1441 158 209 244 246 
1441 1072 323 1136 369 
1441 852 287 953 362 
1441 239 205 342 247 
1441 1581 234 1688 276 
1441 1413 220 1509 264 
1441 1220 133 1262 154 
1441 873 423 1045 563 
1441 1358 216 1442 260 
1441 1228 129 1266 148 
1441 875 425 1043 568 
1441 417 228 522 275 
1441 52 87 1614 737 
1441 705 295 808 354 
1471 389 598 623 764 
1471 372 492 603 622 
1471 249 457 470 573 
1471 0 594 185 713 
1471 486 376 646 461 
1471 1 703 217 886 
1471 591 618 876 852 
1471 695 453 858 563 
1471 251 210 339 254 
1471 1122 219 1220 254 
1471 1803 239 1887 280 
1471 846 370 960 452 
1471 1571 230 1698 276 
1471 797 222 897 265 
1471 603 398 763 480 
1471 1318 253 1411 291 
1471 134 201 236 246 
1471 475 258 555 315 
1471 992 340 1108 438 
1471 1751 242 1873 286 
1471 1774 827 1914 1060 
1471 416 245 481 287 
1471 747 332 874 401 
1471 1708 246 1838 287 
1471 924 313 1036 397 
1471 1016 189 1087 231 
1471 1466 235 1580 277 
1471 722 304 818 364 
1471 850 287 951 362 
1471 669 275 757 343 
1471 6 910 189 1066 
1471 874 424 1044 567 
1471 13 921 425 1070 
1471 349 212 429 249 
1471 20 907 318 1063 
1471 1072 311 1135 367 
1471 1307 264 1920 695 
1471 78 92 1645 739 
1471 44 942 444 1068 
1501 393 600 624 764 
1501 371 491 604 622 
1501 248 458 469 573 
1501 1765 240 1880 280 
1501 1 594 185 716 
1501 484 375 647 461 
1501 593 627 879 860 
1501 1383 230 1477 270 
1501 1 875 218 1078 
1501 0 693 217 909 
1501 696 452 859 563 
1501 48 211 140 248 
1501 845 371 959 452 
1501 106 198 186 231 
1501 1468 237 1571 280 
1501 430 293 520 353 
1501 604 398 763 480 
1501 208 203 299 243 
1501 990 340 1109 437 
1501 1310 217 1409 256 
1501 1603 233 1707 275 
1501 747 332 875 401 
1501 970 208 1054 245 
1501 1031 229 1134 277 
1501 1078 188 1140 222 
1501 1553 236 1622 275 
1501 922 312 1023 392 
1501 410 220 539 255 
1501 723 305 822 364 
1501 851 288 954 363 
1501 1773 827 1913 1059 
1501 470 216 550 248 
1501 1 187 46 228 
1501 1077 318 1136 371 
1501 671 275 765 343 
1501 1682 256 1776 287 
1501 1176 174 1220 200 
1501 355 209 397 239 
1501 875 424 1045 568 
1501 873 423 1046 563 
1501 667 277 756 341 
1531 396 595 624 761 
1531 374 491 603 620 
1531 255 459 473 574 
1531 0 872 225 1070 
1531 485 375 648 461 
1531 2 593 188 717 
1531 698 453 856 564 
1531 593 618 880 848 
1531 1720 241 1871 279 
1531 849 369 965 453 
1531 246 325 421 414 
1531 0 701 210 916 
1531 1447 233 1567 276 
1531 38 193 121 229 
1531 597 228 709 271 
1531 748 330 877 403 
1531 786 201 881 242 
1531 995 342 1108 438 
1531 605 400 764 480 
1531 1323 246 1440 293 
1531 313 213 409 262 
1531 1773 821 1911 1063 
1531 1560 236 1650 280 
1531 1198 207 1262 252 
1531 1007 502 1165 654 
1531 723 309 824 365 
1531 144 202 230 245 
1531 1264 226 1333 266 
1531 665 279 737 344 
1531 1117 181 1172 214 
1531 926 314 1029 393 
1531 852 287 959 362 
1531 20 903 336 1065 
1531 1077 314 1141 372 
1531 15 107 1418 793 
1531 871 423 1040 563 
1531 464 208 559 243 
1531 324 288 418 334 
1531 876 423 1035 567 
1531 667 279 735 343 
1531 364 208 419 242 
1531 1608 230 1683 272 
1561 377 492 605 619 
1561 394 595 624 763 
1561 95 330 261 406 
1561 0 418 140 533 
1561 255 457 475 574 
1561 0 593 190 725 
1561 485 374 647 462 
1561 0 875 235 1069 
1561 592 617 881 848 
1561 605 203 687 238 
1561 1646 239 1774 283 
1561 0 706 217 917 
1561 695 452 861 562 
1561 1115 391 1227 488 
1561 848 367 964 452 
1561 750 330 877 405 
1561 96 197 179 235 
1561 411 239 501 289 
1561 429 207 540 247 
1561 1068 207 1178 247 
1561 1769 242 1858 285 
1561 1845 247 1920 288 
1561 605 399 765 480 
1561 365 207 435 242 
1561 994 343 1107 438 
1561 751 230 841 271 
1561 723 304 819 363 
1561 1775 821 1909 1055 
1561 420 216 528 258 
1561 1360 227 1438 266 
1561 1455 235 1567 276 
1561 204 197 338 255 
1561 671 279 748 345 
1561 925 314 1034 396 
1561 834 237 946 277 
1561 1535 230 1623 272 
1561 857 289 955 364 
1561 1156 174 1198 209 
1561 877 425 1045 567 
1561 80 98 1877 757 
1561 16 901 341 1065 
1561 1225 153 1264 183 
1561 1259 198 1274 241 
1561 1301 235 1920 777 
1561 670 275 748 343 
1561 1071 312 1137 367 
1561 1321 194 1392 237 
1591 395 596 624 762 
1591 374 491 604 620 
1591 0 592 188 719 
1591 0 872 226 1071 
1591 253 456 472 573 
1591 487 375 647 461 
1591 593 618 879 847 
1591 589 212 699 257 
1591 697 453 859 563 
1591 1561 234 1671 274 
1591 0 706 213 918 
1591 1665 239 1841 283 
1591 850 367 967 453 
1591 1437 224 1564 272 
1591 1145 257 1265 303 
1591 748 330 879 401 
1591 1201 331 1334 419 
1591 463 253 537 306 
1591 605 399 765 480 
1591 141 200 209 239 
1591 993 343 1111 436 
1591 720 310 819 362 
1591 1775 820 1909 1061 
1591 418 211 539 257 
1591 670 276 755 344 
1591 925 314 1020 391 
1591 968 233 1082 275 
1591 900 200 1001 239 
1591 372 205 472 245 
1591 21 904 343 1067 
1591 1015 135 1047 155 
1591 838 178 882 207 
1591 853 287 959 358 
1591 206 199 288 238 
1591 1072 308 1140 370 
1591 874 424 1046 563 
1591 36 102 1475 810 
1591 876 426 1044 568 
1591 147 91 1859 611 
1591 244 225 308 255 
1621 394 597 624 761 
1621 374 491 603 620 
1621 0 591 192 728 
1621 252 457 472 574 
1621 487 375 649 461 
1621 0 873 228 1072 
1621 1438 228 1563 275 
1621 592 617 879 849 
1621 696 453 860 563 
1621 0 698 217 915 
1621 614 233 715 270 
1621 793 221 900 267 
1621 1107 207 1191 246 
1621 849 367 967 452 
1621 146 197 233 232 
1621 1345 206 1428 243 
1621 747 332 878 403 
1621 717 203 813 243 
1621 69 215 175 257 
1621 417 286 517 349 
1621 365 206 447 246 
1621 994 341 1109 438 
1621 605 401 763 479 
1621 1552 232 1701 278 
1621 1186 162 1235 195 
1621 227 196 324 241 
1621 722 308 823 365 
1621 1774 819 1912 1058 
1621 851 286 955 364 
1621 926 314 1026 391 
1621 875 425 1047 562 
1621 347 229 425 265 
1621 666 275 741 344 
1621 1075 315 1139 371 
1621 16 901 318 1067 
1621 20 117 1420 799 
1621 1313 231 1917 788 
1621 252 202 347 249 
1621 448 208 553 241 
1621 1263 251 1354 290 
1621 29 157 52 204 
1621 669 277 741 343 
1651 393 596 624 761 
1651 376 492 605 619 
1651 0 589 201 733 
1651 255 459 475 576 
1651 1 872 237 1068 
1651 486 374 646 462 
1651 1427 229 1569 276 
1651 592 616 882 850 
1651 431 245 518 292 
1651 364 204 448 238 
1651 0 701 218 919 
1651 695 453 862 562 
1651 849 367 966 453 
1651 1292 218 1400 258 
1651 1805 229 1910 278 
1651 262 335 430 411 
1651 750 330 878 403 
1651 459 210 556 258 
1651 603 399 766 481 
1651 1036 234 1157 278 
1651 554 192 624 236 
1651 996 341 1113 440 
1651 69 188 138 215 
1651 835 236 954 280 
1651 723 306 822 363 
1651 1778 819 1911 1049 
1651 210 202 302 249 
1651 670 279 744 345 
1651 148 200 218 230 
1651 875 424 1048 562 
1651 4 192 53 235 
1651 921 317 1017 393 
1651 854 292 953 365 
1651 1076 320 1138 371 
1651 937 204 1034 238 
1651 1300 221 1916 796 
1651 449 225 544 266 
1651 47 93 1615 760 
1681 394 596 624 763 
1681 379 493 608 620 
1681 255 457 476 574 
1681 0 591 201 732 
1681 0 432 136 531 
1681 486 375 648 462 
1681 592 616 881 851 
1681 0 872 237 1067 
1681 0 701 219 916 
1681 849 365 967 453 
1681 699 455 855 562 
1681 1148 208 1240 256 
1681 1693 226 1834 272 
1681 1122 254 1240 301 
1681 998 342 1115 439 
1681 663 223 759 275 
1681 757 330 879 403 
1681 606 400 766 482 
1681 142 198 232 235 
1681 782 192 874 233 
1681 224 199 324 239 
1681 1454 235 1564 277 
1681 1076 311 1146 370 
1681 443 268 520 324 
1681 1356 251 1462 293 
1681 462 209 558 246 
1681 723 309 815 361 
1681 318 219 419 271 
1681 1782 816 1910 1052 
1681 876 425 1047 563 
1681 926 316 1029 393 
1681 854 288 959 360 
1681 375 205 430 234 
1681 405 198 450 230 
1681 668 282 738 347 
1681 1296 228 1920 825 
1681 363 208 426 255 
1681 0 193 146 257 
1681 0 195 147 257 
1711 395 595 624 762 
1711 0 591 198 728 
1711 375 491 606 620 
1711 15 184 264 260 
1711 593 618 879 851 
1711 254 459 472 574 
1711 485 374 648 462 
1711 920 228 1035 286 
1711 323 302 465 368 
1711 0 873 226 1070 
1711 696 453 860 563 
1711 0 702 217 916 
1711 847 367 964 453 
1711 1450 237 1566 278 
1711 605 399 764 481 
1711 1052 208 1159 250 
1711 413 238 511 292 
1711 749 329 878 402 
1711 795 186 847 214 
1711 1776 817 1912 1053 
1711 1573 208 1713 262 
1711 994 342 1113 438 
1711 266 203 332 235 
1711 673 276 758 345 
1711 721 308 818 362 
1711 365 205 439 236 
1711 629 197 702 230 
1711 563 133 722 214 
1711 854 290 959 362 
1711 839 177 882 209 
1711 1308 206 1354 234 
1711 1076 310 1140 368 
1711 987 200 1060 239 
1711 927 318 1029 393 
1711 1315 228 1917 710 
1711 20 905 346 1064 
1711 450 200 547 239 
1711 875 424 1046 562 
1711 113 99 1758 754 
1711 876 425 1044 567 
1711 823 179 868 211 
1741 28 369 240 461 
1741 394 596 624 762 
1741 374 491 605 620 
1741 254 457 472 574 
1741 486 376 649 461 
1741 593 619 879 850 
1741 0 589 195 726 
1741 0 873 228 1069 
1741 697 453 859 563 
1741 0 701 216 914 
1741 141 192 391 263 
1741 10 188 96 235 
1741 847 369 964 453 
1741 458 255 533 319 
1741 452 197 559 244 
1741 606 399 765 481 
1741 996 342 1111 440 
1741 749 330 877 403 
1741 1444 236 1564 272 
1741 722 309 819 362 
1741 924 312 1041 394 
1741 1770 819 1916 1053 
1741 671 276 754 345 
1741 828 190 947 239 
1741 1077 317 1139 370 
1741 853 288 959 361 
1741 875 425 1045 562 
1741 16 898 326 1065 
1741 944 177 1007 210 
1741 1310 222 1920 699 
1741 27 75 1554 769 
1771 335 181 605 279 
1771 395 598 624 762 
1771 0 591 198 726 
1771 378 493 607 620 
1771 256 457 472 576 
1771 1 873 235 1067 
1771 487 375 649 463 
1771 593 618 883 851 
1771 0 701 219 915 
1771 849 365 967 453 
1771 598 219 681 258 
1771 699 454 858 563 
1771 1654 230 1770 271 
1771 370 285 505 369 
1771 203 206 297 245 
1771 751 329 878 404 
1771 144 197 209 233 
1771 605 400 765 482 
1771 999 340 1112 440 
1771 1450 238 1564 280 
1771 664 198 757 239 
1771 724 309 813 362 
1771 1191 175 1249 205 
1771 673 274 759 347 
1771 877 425 1047 564 
1771 854 288 958 359 
1771 1329 199 1423 239 
1771 801 186 853 214 
1771 923 317 1023 395 
1771 1779 822 1911 1046 
1771 897 172 940 211 
1771 839 178 882 209 
1771 945 182 1006 217 
1771 17 902 325 1065 
1771 849 177 894 209 
1771 1076 315 1142 370 
1771 820 180 866 211 
1771 1076 312 1144 371 
1771 1334 155 1426 240 
1771 61 82 1585 763 
1771 876 175 911 207 
1771 65 199 149 231 
1771 1316 223 1920 723 
