1 0 897 183 1072 
1 0 571 238 743 
1 493 661 813 942 
1 5 486 236 600 
1 1036 345 1138 426 
1 260 541 496 682 
1 435 397 622 493 
1 278 384 480 482 
1 663 359 833 468 
1 1400 229 1528 270 
1 763 399 914 504 
1 867 276 971 341 
1 461 203 557 247 
1 821 198 930 299 
1 308 537 686 794 
1 356 205 467 261 
1 799 485 996 634 
1 784 179 838 215 
1 161 148 322 234 
1 1135 263 1192 317 
1 931 322 1036 383 
1 68 212 142 242 
1 624 294 761 354 
1 1714 243 1895 289 
1 1524 243 1675 301 
1 160 218 270 244 
1 726 295 849 366 
1 1327 208 1391 235 
1 1098 229 1158 263 
1 263 194 337 235 
1 1306 233 1920 661 
1 17 156 125 222 
1 935 180 986 214 
1 769 242 833 291 
1 1199 154 1237 184 
1 996 236 1061 271 
1 1532 243 1661 278 
1 918 176 975 208 
1 1514 252 1679 327 
2 49 528 343 672 
2 520 675 820 917 
2 77 458 320 570 
2 0 809 322 1070 
2 573 354 719 430 
2 382 356 562 442 
2 392 489 607 616 
2 428 533 719 722 
2 853 355 979 442 
2 65 224 167 258 
2 1167 238 1220 280 
2 461 203 557 246 
2 752 326 893 419 
2 804 273 890 326 
2 158 148 326 235 
2 803 487 995 634 
2 1661 231 1792 283 
2 1380 231 1528 269 
2 358 204 471 261 
2 716 269 806 319 
2 1137 207 1179 236 
2 161 217 260 253 
2 15 158 124 222 
2 991 290 1068 341 
2 795 179 850 216 
2 857 188 930 279 
2 1043 210 1092 245 
2 1307 235 1915 670 
2 1061 312 1152 377 
2 1757 242 1902 287 
2 923 253 1019 309 
2 262 194 338 235 
2 1526 243 1674 294 
2 1531 243 1662 277 
2 928 175 977 209 
2 63 209 151 236 
2 756 225 816 269 
2 989 178 1033 213 
2 22 111 1624 792 
2 1005 177 1050 211 
3 270 462 499 573 
3 552 646 845 883 
3 229 407 444 511 
3 67 216 148 247 
3 1122 277 1192 328 
3 695 313 812 377 
3 755 247 816 286 
3 462 203 557 246 
3 158 147 324 236 
3 1379 229 1531 268 
3 686 218 752 246 
3 360 207 472 261 
3 837 175 923 265 
3 843 458 1024 593 
3 505 318 674 399 
3 1533 231 1663 277 
3 578 419 728 491 
3 1714 245 1895 288 
3 1192 220 1234 258 
3 979 229 1051 284 
3 786 180 830 216 
3 166 221 271 253 
3 38 722 456 1004 
3 1311 232 1913 671 
3 559 445 805 628 
3 932 175 986 214 
3 841 288 962 368 
3 944 308 1042 377 
3 1049 260 1112 305 
3 19 154 123 219 
3 163 210 281 241 
3 264 195 337 235 
3 155 216 261 243 
3 870 248 909 268 
3 0 796 37 891 
3 28 90 1486 839 
3 36 732 459 1008 
3 257 440 487 543 
3 588 439 731 526 
4 4 689 204 894 
4 460 395 633 486 
4 0 591 167 696 
4 621 601 889 808 
4 390 364 543 447 
4 923 259 1021 318 
4 1152 250 1212 291 
4 572 208 649 239 
4 612 291 742 361 
4 1382 227 1513 269 
4 288 233 371 273 
4 784 167 891 241 
4 743 228 810 267 
4 461 206 547 248 
4 781 280 870 336 
4 66 213 143 243 
4 1711 241 1898 291 
4 921 407 1070 521 
4 157 219 262 251 
4 1019 270 1093 324 
4 356 201 459 259 
4 693 384 890 537 
4 283 623 604 835 
4 1304 224 1920 673 
4 158 148 330 237 
4 10 149 132 224 
4 1511 246 1691 311 
4 934 176 986 213 
4 1034 202 1087 247 
4 990 173 1032 213 
4 897 172 941 215 
4 1473 213 1540 247 
4 974 185 1029 218 
5 128 574 432 747 
5 608 343 755 417 
5 138 474 409 608 
5 1382 219 1523 268 
5 538 319 668 390 
5 62 215 139 247 
5 767 524 971 677 
5 88 906 526 1073 
5 339 221 447 272 
5 706 260 803 323 
5 470 205 555 246 
5 1718 243 1899 289 
5 669 210 745 247 
5 162 218 270 252 
5 1179 226 1228 259 
5 716 156 827 237 
5 160 150 321 234 
5 1000 347 1121 441 
5 12 149 131 225 
5 836 254 908 308 
5 813 335 952 459 
5 1300 213 1920 687 
5 1085 234 1141 278 
5 525 516 750 670 
5 263 194 333 233 
5 839 177 888 217 
5 935 180 987 215 
5 3 990 82 1080 
5 524 513 755 672 
5 989 176 1033 216 
5 991 233 1057 282 
5 887 177 928 216 
6 426 470 641 588 
6 893 431 1057 550 
6 415 389 605 489 
6 718 303 852 365 
6 355 221 456 275 
6 557 206 621 238 
6 464 205 546 247 
6 68 213 142 243 
6 863 239 916 281 
6 162 218 265 253 
6 1393 227 1534 269 
6 629 151 748 226 
6 161 149 317 233 
6 664 285 775 347 
6 1712 242 1899 290 
6 1070 303 1156 376 
6 1197 207 1244 238 
6 57 720 613 1044 
6 162 212 273 241 
6 1117 211 1165 248 
6 13 149 130 223 
6 267 194 336 232 
6 1312 230 1917 661 
6 1492 231 1664 281 
6 758 243 819 293 
6 708 429 881 550 
6 918 293 1029 385 
6 7 744 531 1046 
6 705 428 884 546 
6 1041 215 1092 249 
6 992 180 1034 215 
6 846 179 899 213 
6 938 181 988 215 
6 814 205 874 238 
6 1217 202 1256 236 
6 1260 202 1278 236 
6 924 280 1003 314 
6 896 178 938 215 
6 791 180 836 210 
7 0 555 237 714 
7 636 383 788 470 
7 48 465 296 570 
7 996 360 1111 452 
7 353 221 450 274 
7 803 276 890 328 
7 160 149 322 235 
7 596 325 751 412 
7 162 218 264 254 
7 62 217 142 245 
7 438 536 721 708 
7 492 207 553 245 
7 527 157 644 227 
7 1388 231 1494 270 
7 1120 266 1196 324 
7 1714 243 1897 290 
7 117 550 268 642 
7 849 224 905 266 
7 9 158 121 222 
7 482 594 866 892 
7 162 210 270 242 
7 1527 246 1672 296 
7 1080 195 1129 227 
7 740 253 818 312 
7 841 361 973 451 
7 1347 206 1425 238 
7 261 191 334 234 
7 1309 229 1917 681 
7 401 217 474 255 
7 420 210 483 245 
7 750 217 807 244 
7 1541 242 1656 273 
7 843 359 972 454 
7 1010 264 1087 330 
7 936 181 989 216 
7 470 604 861 897 
7 761 226 813 255 
8 710 417 888 533 
8 796 319 898 385 
8 426 358 575 428 
8 1065 310 1152 380 
8 351 221 456 276 
8 1149 239 1215 287 
8 855 255 914 300 
8 300 436 541 544 
8 722 296 826 368 
8 63 214 142 243 
8 658 203 718 230 
8 488 208 559 243 
8 161 219 267 252 
8 160 150 312 232 
8 718 485 984 691 
8 1398 227 1516 270 
8 162 211 273 240 
8 7 154 123 222 
8 1868 247 1918 287 
8 1711 243 1898 289 
8 720 219 777 251 
8 1345 207 1420 239 
8 269 193 337 235 
8 758 245 809 282 
8 1517 247 1683 306 
8 812 218 866 248 
8 1065 232 1126 294 
8 948 309 1042 379 
8 421 218 503 255 
8 945 310 1040 377 
8 849 179 900 212 
8 935 181 991 213 
8 732 222 785 256 
8 1110 173 1154 208 
8 412 152 536 228 
9 0 499 235 614 
9 865 337 995 426 
9 1117 269 1187 325 
9 651 206 724 245 
9 0 633 91 737 
9 353 220 458 276 
9 310 798 724 1064 
9 542 357 707 436 
9 457 201 548 244 
9 902 273 983 329 
9 553 195 618 231 
9 629 297 732 358 
9 163 215 264 252 
9 805 271 884 323 
9 60 217 141 249 
9 1709 241 1894 289 
9 729 226 794 265 
9 261 187 333 235 
9 1393 229 1495 270 
9 1021 273 1091 324 
9 1340 205 1417 239 
9 13 159 123 224 
9 877 401 1060 541 
9 1159 218 1226 258 
9 1519 248 1671 292 
9 838 179 893 215 
9 162 150 304 231 
9 1214 181 1262 220 
9 880 403 1061 544 
9 777 204 817 237 
9 935 178 992 216 
9 972 180 1025 216 
9 1281 223 1920 709 
9 1095 207 1152 259 
10 147 487 422 618 
10 0 795 374 1073 
10 698 584 928 769 
10 393 374 561 448 
10 1154 239 1222 284 
10 665 211 740 254 
10 558 200 637 240 
10 961 288 1047 351 
10 347 216 457 276 
10 700 315 815 370 
10 163 215 268 249 
10 728 260 797 306 
10 1398 225 1513 271 
10 447 200 545 246 
10 1737 246 1902 290 
10 841 234 908 295 
10 266 193 332 236 
10 152 148 303 231 
10 1343 203 1420 239 
10 784 179 831 215 
10 38 213 140 245 
10 982 337 1126 444 
10 1168 232 1233 275 
10 978 239 1042 276 
10 1646 234 1760 278 
10 1067 240 1126 282 
10 833 180 884 216 
10 1126 196 1176 232 
10 1516 250 1671 304 
10 1684 243 1870 290 
10 1073 240 1132 282 
10 941 181 990 216 
10 91 220 149 245 
10 887 180 929 218 
10 898 181 937 216 
10 982 333 1126 448 
10 930 178 976 213 
10 1495 256 1673 338 
10 22 159 125 221 
11 466 561 711 714 
11 455 388 638 483 
11 900 460 1046 576 
11 223 857 630 1071 
11 1033 250 1100 298 
11 1050 294 1160 383 
11 800 275 880 323 
11 442 197 548 246 
11 352 216 457 274 
11 58 219 188 259 
11 603 206 678 244 
11 1399 226 1512 271 
11 163 218 266 251 
11 1715 243 1906 291 
11 605 310 726 367 
11 262 192 332 236 
11 162 209 270 240 
11 748 243 802 277 
11 153 151 299 231 
11 21 158 131 220 
11 1176 222 1235 261 
11 1309 224 1920 676 
11 981 187 1034 217 
11 1100 215 1168 254 
11 1344 205 1418 237 
11 936 179 989 214 
11 817 222 902 269 
11 1627 233 1727 272 
11 927 176 976 213 
11 560 199 635 238 
11 1037 210 1091 241 
11 1046 227 1096 258 
12 143 588 481 797 
12 69 514 359 643 
12 742 425 889 521 
12 648 600 883 783 
12 633 326 768 399 
12 855 241 916 289 
12 1010 372 1113 461 
12 1082 229 1139 272 
12 62 221 143 250 
12 152 220 262 249 
12 541 208 588 237 
12 463 200 547 245 
12 346 211 457 274 
12 1099 264 1189 338 
12 1719 245 1900 288 
12 720 266 794 318 
12 1393 229 1511 272 
12 159 148 299 230 
12 158 209 268 244 
12 11 159 130 226 
12 55 213 143 242 
12 260 190 340 235 
12 978 183 1035 219 
12 850 234 912 278 
12 719 222 781 258 
12 931 175 987 215 
12 1188 213 1237 249 
12 831 191 899 230 
12 1048 191 1092 220 
12 1342 202 1417 237 
12 1293 190 1920 682 
12 1522 246 1691 294 
12 735 217 787 247 
12 896 177 939 215 
12 907 176 956 215 
13 871 455 1025 577 
13 434 398 617 491 
13 569 419 749 537 
13 886 343 996 414 
13 454 201 558 246 
13 1134 247 1205 311 
13 157 217 259 253 
13 701 699 996 989 
13 659 211 725 246 
13 352 220 451 274 
13 62 221 147 250 
13 60 214 143 242 
13 747 285 849 346 
13 1395 227 1513 272 
13 1077 318 1156 388 
13 156 146 310 236 
13 1715 247 1897 289 
13 267 193 331 235 
13 748 243 813 287 
13 15 159 125 225 
13 973 182 1033 219 
13 1110 203 1161 244 
13 856 229 914 271 
13 155 210 273 245 
13 1339 203 1419 238 
13 1279 267 1920 688 
13 935 178 984 215 
13 1532 243 1687 289 
13 802 204 849 238 
13 4 983 71 1076 
13 1183 199 1241 239 
13 1811 247 1908 280 
13 884 178 926 216 
13 902 179 939 214 
13 398 203 477 241 
13 949 175 995 213 
13 911 177 956 212 
14 393 560 663 730 
14 627 331 761 407 
14 987 372 1092 462 
14 351 218 458 275 
14 0 549 242 724 
14 462 204 546 246 
14 162 213 266 247 
14 795 324 905 399 
14 575 202 643 238 
14 967 294 1070 347 
14 1148 235 1211 292 
14 58 216 142 248 
14 821 256 909 314 
14 1737 246 1893 287 
14 156 150 308 233 
14 725 212 796 261 
14 827 221 880 255 
14 15 156 127 225 
14 1391 228 1504 271 
14 265 193 334 235 
14 1719 245 1845 289 
14 934 526 1123 682 
14 1339 203 1418 240 
14 973 179 1029 218 
14 1814 244 1914 279 
14 896 180 942 215 
14 829 209 884 240 
14 1114 289 1181 342 
14 1535 241 1693 287 
14 939 527 1121 684 
14 940 179 990 216 
14 1115 289 1181 343 
15 750 408 892 502 
15 916 268 985 325 
15 284 429 514 554 
15 723 302 836 365 
15 1140 273 1205 321 
15 658 203 735 246 
15 354 220 459 274 
15 474 204 559 245 
15 165 218 265 250 
15 155 147 322 235 
15 1052 418 1197 533 
15 1170 223 1228 272 
15 1723 244 1898 286 
15 1397 226 1508 272 
15 773 203 844 241 
15 1046 261 1108 305 
15 52 218 145 250 
15 839 180 895 215 
15 162 211 272 242 
15 267 192 333 235 
15 1050 333 1131 402 
15 434 804 690 1051 
15 25 205 150 242 
15 1308 239 1919 667 
15 1346 206 1416 238 
15 7 187 114 242 
15 970 186 1034 217 
15 70 768 666 1080 
15 1532 246 1682 291 
15 934 178 989 214 
15 518 205 564 240 
15 885 178 926 216 
16 1 422 321 704 
16 61 212 171 248 
16 586 196 659 240 
16 484 364 659 459 
16 1150 252 1209 302 
16 349 221 456 272 
16 617 515 906 831 
16 910 320 1010 393 
16 450 205 543 247 
16 157 146 322 236 
16 760 290 857 347 
16 1076 300 1159 369 
16 1398 224 1518 270 
16 1142 354 1270 445 
16 1725 245 1893 288 
16 861 223 922 263 
16 996 226 1057 274 
16 704 206 786 234 
16 838 177 894 215 
16 7 156 119 224 
16 787 181 835 217 
16 160 211 263 243 
16 262 191 331 235 
16 1303 214 1920 675 
16 1171 211 1231 268 
16 1342 207 1415 237 
16 937 179 987 216 
16 518 206 561 240 
16 923 175 972 212 
16 828 179 880 213 
16 1792 245 1899 278 
16 908 176 957 213 
16 1070 235 1133 277 
17 117 358 490 599 
17 631 197 710 228 
17 769 285 859 347 
17 160 217 258 250 
17 813 425 1020 643 
17 61 216 143 245 
17 456 202 549 248 
17 353 217 459 275 
17 579 333 731 416 
17 1252 321 1357 404 
17 1104 291 1166 344 
17 268 192 333 236 
17 1401 225 1523 269 
17 1181 210 1240 261 
17 160 209 270 243 
17 829 217 884 247 
17 1727 246 1883 288 
17 12 156 120 222 
17 1045 199 1096 241 
17 162 149 302 231 
17 1779 246 1898 285 
17 1012 272 1081 327 
17 529 196 576 236 
17 1159 245 1215 290 
17 979 182 1034 217 
17 790 176 849 213 
17 433 408 489 515 
17 883 177 935 215 
17 1521 249 1673 293 
17 1291 230 1920 691 
17 825 199 892 236 
17 1339 202 1415 238 
17 929 173 979 215 
17 1012 271 1083 328 
18 269 321 570 541 
18 613 320 754 399 
18 550 195 629 233 
18 1125 279 1177 321 
18 899 362 1073 549 
18 352 213 456 271 
18 161 218 284 250 
18 772 287 858 345 
18 61 215 142 243 
18 259 962 597 1071 
18 835 179 889 211 
18 1394 227 1520 271 
18 452 207 544 245 
18 274 194 329 236 
18 1724 247 1880 288 
18 1342 206 1420 238 
18 9 160 123 224 
18 1179 228 1231 272 
18 763 202 831 240 
18 886 178 935 216 
18 979 184 1035 218 
18 895 177 955 215 
18 1808 245 1899 277 
18 157 949 461 1073 
18 1528 249 1670 289 
18 1067 239 1126 282 
18 410 208 501 252 
18 1169 231 1217 273 
18 939 180 990 214 
18 152 150 309 221 
18 1274 231 1920 695 
18 165 202 297 241 
18 994 186 1044 218 
18 1066 239 1124 284 
18 951 178 1001 213 
18 1190 203 1239 237 
18 861 177 903 211 
18 1131 202 1180 232 
18 921 176 970 213 
18 1088 187 1138 221 
19 511 704 826 963 
19 327 305 614 511 
19 629 319 759 397 
19 159 217 275 250 
19 450 202 551 247 
19 57 221 143 251 
19 1140 263 1194 309 
19 683 196 758 232 
19 53 214 142 243 
19 771 286 858 345 
19 351 224 456 274 
19 1400 221 1529 269 
19 944 335 1100 505 
19 834 175 898 213 
19 1183 229 1232 268 
19 780 177 835 217 
19 270 196 324 238 
19 925 176 995 216 
19 891 172 934 214 
19 878 170 925 213 
19 12 155 128 227 
19 1715 244 1847 291 
19 985 182 1045 219 
19 1798 245 1900 285 
19 153 146 315 226 
19 227 199 304 240 
19 1527 249 1672 292 
19 1108 218 1159 252 
19 1338 207 1419 236 
20 341 308 617 502 
20 721 602 943 769 
20 0 564 39 650 
20 627 318 761 396 
20 770 286 858 344 
20 160 215 269 249 
20 345 205 460 272 
20 57 213 140 241 
20 786 176 837 216 
20 1154 245 1203 291 
20 259 200 330 245 
20 436 200 552 245 
20 596 196 677 230 
20 1790 245 1902 288 
20 977 317 1121 470 
20 832 175 900 214 
20 1402 222 1522 268 
20 14 154 125 226 
20 1735 245 1887 289 
20 1134 196 1181 233 
20 875 175 928 213 
20 923 177 998 214 
20 970 184 1031 217 
20 148 145 310 222 
20 1185 216 1239 266 
20 989 187 1043 217 
20 1204 199 1258 238 
20 1534 247 1667 286 
20 1343 203 1422 239 
20 404 203 527 250 
20 534 130 727 204 
21 198 909 575 1069 
21 338 306 616 507 
21 172 408 347 530 
21 624 318 759 395 
21 831 529 1008 664 
21 161 217 273 247 
21 1151 238 1210 279 
21 59 221 141 252 
21 345 207 462 274 
21 836 174 915 223 
21 447 201 549 245 
21 771 287 856 345 
21 781 177 838 217 
21 54 212 141 241 
21 9 158 124 227 
21 1737 246 1882 287 
21 254 199 327 246 
21 1200 202 1250 244 
21 1395 226 1515 268 
21 1803 247 1905 284 
21 925 168 991 213 
21 972 177 1035 217 
21 1207 196 1257 239 
21 534 196 582 233 
21 1544 249 1669 286 
21 1291 268 1915 670 
21 150 145 312 227 
21 1002 316 1122 443 
21 517 197 572 236 
21 1585 230 1704 272 
21 230 198 316 243 
21 1721 244 1842 285 
22 319 777 715 1067 
22 346 310 619 503 
22 161 217 273 251 
22 627 319 760 396 
22 349 214 460 275 
22 771 287 857 346 
22 55 223 143 250 
22 447 200 556 247 
22 902 483 1061 592 
22 763 182 824 221 
22 49 213 140 241 
22 262 199 329 246 
22 811 192 872 242 
22 1211 204 1254 242 
22 1027 294 1143 423 
22 961 178 1025 218 
22 1216 197 1260 237 
22 1719 246 1892 288 
22 11 152 129 230 
22 1160 234 1221 275 
22 1391 230 1501 270 
22 1207 201 1246 237 
22 1802 245 1900 278 
22 899 175 953 209 
22 147 146 309 220 
22 1545 240 1688 283 
22 1208 188 1259 227 
22 882 175 933 207 
22 915 171 961 208 
22 948 174 997 214 
23 499 671 811 914 
23 347 307 628 508 
23 161 218 274 252 
23 628 320 763 398 
23 457 204 557 247 
23 772 284 861 347 
23 358 225 458 276 
23 2 193 60 242 
23 62 221 145 251 
23 964 442 1121 544 
23 1397 227 1517 271 
23 1175 230 1234 269 
23 259 203 329 246 
23 582 303 681 382 
23 1735 246 1898 289 
23 742 217 818 259 
23 57 211 142 242 
23 722 188 796 228 
23 1227 194 1267 237 
23 1041 286 1150 411 
23 951 178 1032 219 
23 737 206 823 252 
23 934 177 1009 219 
23 154 147 314 220 
23 737 198 823 238 
23 1793 244 1899 278 
23 1529 242 1701 292 
23 1181 223 1241 263 
23 869 177 931 220 
23 81 218 147 243 
23 721 180 789 217 
24 644 588 877 777 
24 348 308 624 505 
24 3 211 96 257 
24 160 216 272 249 
24 1021 407 1166 505 
24 766 286 856 348 
24 716 205 798 247 
24 1399 225 1516 271 
24 350 220 458 275 
24 459 198 552 245 
24 627 316 760 399 
24 77 207 138 241 
24 1179 224 1232 259 
24 263 204 328 245 
24 1720 245 1903 290 
24 960 180 1031 217 
24 935 176 987 212 
24 639 190 714 225 
24 1343 203 1423 238 
24 1045 288 1154 398 
24 1234 195 1268 237 
24 1287 210 1920 692 
24 1784 245 1898 279 
24 944 173 1002 211 
24 646 193 731 232 
24 1039 171 1087 206 
24 47 204 112 241 
24 1187 212 1239 252 
24 1220 200 1260 241 
24 149 147 313 217 
24 628 180 703 214 
24 810 196 883 236 
24 1515 247 1687 300 
25 769 498 915 625 
25 344 311 621 504 
25 1084 377 1212 465 
25 769 285 855 346 
25 348 212 460 274 
25 755 217 824 260 
25 847 176 898 213 
25 160 212 267 241 
25 1396 226 1517 269 
25 889 180 948 218 
25 21 220 120 259 
25 623 320 758 398 
25 652 222 726 268 
25 1727 246 1875 289 
25 450 203 543 243 
25 259 198 327 245 
25 69 202 167 240 
25 167 218 280 248 
25 1231 187 1268 237 
25 1809 245 1899 280 
25 1056 278 1160 389 
25 942 180 999 216 
25 32 200 137 245 
25 972 184 1036 218 
25 556 214 655 269 
25 154 148 319 226 
25 1335 148 1425 240 
25 1533 250 1670 291 
25 10 204 115 246 
25 364 150 438 177 
25 1221 191 1260 240 
25 1155 220 1232 250 
25 1052 155 1083 177 
25 1334 196 1419 237 
26 24 391 262 505 
26 174 881 602 1066 
26 839 403 947 495 
26 339 312 612 497 
26 1063 272 1167 386 
26 1151 350 1260 433 
26 852 196 905 232 
26 621 318 757 397 
26 454 197 565 241 
26 772 286 853 343 
26 1392 227 1512 268 
26 1544 248 1668 287 
26 1744 246 1881 288 
26 29 228 121 261 
26 634 250 765 328 
26 510 243 628 310 
26 1798 245 1902 285 
26 96 206 184 243 
26 1717 246 1843 290 
26 964 186 1032 218 
26 798 187 865 229 
26 334 266 470 337 
26 657 221 739 258 
26 261 200 322 245 
26 152 148 308 227 
26 340 228 440 270 
26 981 188 1048 217 
26 1228 163 1266 199 
26 896 173 936 198 
26 376 224 477 268 
26 1583 232 1705 274 
26 22 158 123 228 
27 466 699 775 971 
27 1 358 83 442 
27 340 309 623 504 
27 769 288 854 345 
27 919 321 1003 387 
27 1221 336 1332 403 
27 338 218 455 277 
27 1399 222 1531 269 
27 616 321 761 398 
27 441 200 552 244 
27 276 295 436 381 
27 25 223 125 260 
27 163 212 267 241 
27 1786 246 1902 287 
27 937 180 1000 216 
27 1063 269 1171 383 
27 257 199 325 245 
27 914 177 953 209 
27 652 272 768 332 
27 874 176 918 203 
27 80 205 178 241 
27 1739 246 1886 288 
27 927 176 967 209 
27 954 183 1034 218 
27 890 177 933 206 
27 1193 204 1249 236 
27 1520 248 1676 296 
27 25 198 135 245 
27 1332 201 1417 239 
27 1709 244 1844 290 
27 571 236 635 274 
27 150 146 311 223 
27 986 187 1045 218 
27 8 209 105 247 
27 22 157 140 233 
27 51 201 154 241 
27 791 218 845 260 
28 711 577 944 750 
28 0 412 140 536 
28 345 305 620 504 
28 768 288 857 349 
28 447 201 555 246 
28 1396 225 1528 269 
28 630 320 763 398 
28 350 222 457 268 
28 261 208 326 249 
28 38 225 123 259 
28 1719 246 1889 288 
28 1219 196 1263 232 
28 715 200 776 237 
28 8 207 92 244 
28 1 381 49 429 
28 837 183 906 220 
28 1068 273 1165 381 
28 156 211 265 242 
28 961 183 1035 217 
28 26 201 134 246 
28 1011 262 1091 312 
28 665 250 754 320 
28 624 229 697 275 
28 1801 245 1898 277 
28 90 207 180 243 
28 1513 249 1681 295 
28 159 151 311 225 
28 57 203 155 241 
28 1329 205 1408 236 
28 829 180 892 215 
28 1052 152 1083 175 
29 888 478 1061 613 
29 77 332 257 408 
29 172 345 341 414 
29 1388 222 1521 269 
29 347 306 621 501 
29 622 213 704 254 
29 341 217 461 276 
29 446 201 556 247 
29 769 287 857 346 
29 620 323 762 399 
29 1071 270 1165 382 
29 1236 189 1271 228 
29 1328 205 1403 237 
29 1713 245 1897 291 
29 39 222 118 257 
29 258 205 327 247 
29 90 207 157 240 
29 7 210 87 245 
29 1529 248 1673 292 
29 965 186 1025 217 
29 35 203 128 246 
29 653 278 768 334 
29 1797 245 1899 277 
29 157 151 318 230 
29 1079 227 1140 254 
29 951 180 1012 214 
29 778 207 846 247 
29 24 158 130 231 
29 1002 192 1043 219 
29 102 205 177 242 
29 878 175 916 201 
29 881 174 914 205 
29 1608 232 1710 274 
30 35 398 257 510 
30 342 315 621 500 
30 1383 221 1520 267 
30 228 307 381 396 
30 1013 408 1165 511 
30 767 286 857 345 
30 339 217 456 275 
30 1285 254 1920 683 
30 629 314 758 400 
30 1327 202 1404 235 
30 493 234 588 286 
30 1135 190 1182 221 
30 41 227 121 260 
30 448 202 550 249 
30 964 184 1027 218 
30 1065 273 1165 380 
30 1727 248 1878 288 
30 714 206 787 249 
30 1807 245 1898 279 
30 256 203 325 246 
30 986 186 1047 218 
30 155 150 320 234 
30 655 233 751 331 
30 26 197 138 247 
30 1544 240 1688 282 
30 953 181 1009 215 
30 10 207 108 245 
30 86 208 160 243 
30 1235 190 1267 226 
30 1230 188 1263 218 
30 17 157 140 235 
30 919 178 960 211 
30 671 229 750 275 
30 842 176 880 207 
30 1006 178 1059 212 
30 1230 178 1262 208 
30 657 239 744 302 
30 53 201 159 243 
30 1140 182 1189 215 
31 1122 362 1247 452 
31 351 314 626 502 
31 1378 217 1520 266 
31 295 278 431 348 
31 447 201 554 245 
31 769 286 856 344 
31 622 316 759 401 
31 346 214 458 276 
31 602 220 691 275 
31 1065 269 1170 385 
31 23 220 127 260 
31 76 198 185 242 
31 945 182 1011 218 
31 650 272 767 331 
31 263 200 327 244 
31 22 197 138 247 
31 167 210 277 240 
31 151 149 308 225 
31 1793 246 1899 285 
31 1175 163 1217 194 
31 1283 244 1920 669 
31 860 202 896 226 
31 1734 246 1880 288 
31 8 208 111 249 
31 1327 205 1386 231 
31 1513 245 1670 299 
31 999 186 1049 219 
31 468 285 628 332 
31 462 290 652 362 
31 852 206 889 229 
31 1703 245 1845 291 
31 1318 200 1366 228 
31 749 211 813 239 
31 22 155 148 234 
32 174 567 491 730 
32 435 680 755 948 
32 0 400 205 530 
32 0 338 172 424 
32 346 310 623 501 
32 1374 218 1523 268 
32 768 285 857 343 
32 347 217 468 277 
32 627 318 759 400 
32 445 200 560 245 
32 771 210 850 250 
32 32 225 122 260 
32 257 206 326 248 
32 665 222 733 260 
32 1800 246 1898 284 
32 26 202 133 247 
32 1068 271 1171 382 
32 87 209 159 242 
32 1709 245 1850 291 
32 956 179 1036 215 
32 1513 242 1676 292 
32 8 208 94 244 
32 156 151 313 227 
32 21 153 127 239 
32 1214 335 1341 405 
32 476 261 551 302 
32 55 204 156 242 
32 1291 220 1920 712 
32 1568 230 1696 273 
32 1530 237 1672 279 
32 945 180 997 214 
32 461 211 566 256 
32 656 278 770 336 
33 700 547 922 707 
33 514 448 711 555 
33 109 352 278 434 
33 346 310 626 501 
33 267 291 390 355 
33 768 287 857 345 
33 348 216 460 275 
33 625 316 758 399 
33 450 203 549 243 
33 1067 271 1167 381 
33 526 254 610 308 
33 42 225 121 260 
33 1715 246 1890 289 
33 1299 325 1354 380 
33 256 205 327 246 
33 982 187 1034 221 
33 690 232 758 274 
33 86 208 160 242 
33 10 202 95 244 
33 156 209 265 240 
33 1809 247 1903 277 
33 1292 235 1915 685 
33 1268 183 1322 226 
33 569 222 645 262 
33 157 151 311 227 
33 28 197 135 246 
33 18 155 134 238 
33 60 201 156 242 
33 1568 230 1692 268 
33 1521 250 1675 291 
33 811 203 852 224 
34 0 359 96 440 
34 834 466 1006 594 
34 445 201 554 246 
34 667 378 814 465 
34 336 307 611 502 
34 723 213 805 246 
34 1391 231 1514 270 
34 625 316 764 398 
34 1738 241 1899 289 
34 1066 269 1165 381 
34 767 285 857 345 
34 88 201 183 243 
34 1295 245 1919 677 
34 862 172 908 210 
34 329 214 438 268 
34 1791 242 1916 288 
34 1711 245 1852 290 
34 259 201 324 246 
34 922 191 970 230 
34 150 149 317 233 
34 22 225 120 261 
34 502 265 643 336 
34 1327 207 1381 234 
34 980 194 1037 231 
34 1529 234 1655 275 
34 656 282 762 331 
34 1029 175 1081 203 
34 355 218 465 269 
34 9 157 126 232 
34 1319 205 1365 233 
34 1224 123 1268 146 
34 321 253 482 363 
34 352 252 492 336 
34 10 156 129 231 
34 1015 175 1062 203 
34 60 197 162 244 
34 10 194 116 244 
35 0 390 88 482 
35 217 348 354 438 
35 64 314 256 407 
35 339 308 614 507 
35 748 340 874 419 
35 451 202 553 246 
35 793 188 855 230 
35 913 416 1050 522 
35 340 220 457 277 
35 1704 237 1834 287 
35 766 286 854 344 
35 1374 229 1509 266 
35 627 317 760 401 
35 627 229 712 275 
35 1068 270 1164 384 
35 921 209 977 245 
35 1808 247 1906 287 
35 89 202 187 243 
35 268 206 325 248 
35 152 151 315 237 
35 1282 245 1920 674 
35 887 190 929 219 
35 40 228 117 260 
35 1496 240 1654 289 
35 1023 213 1095 249 
35 661 279 767 335 
35 1218 117 1270 141 
35 1496 234 1637 274 
35 1279 201 1326 230 
35 1732 241 1862 286 
35 10 203 102 244 
35 1480 228 1588 268 
35 14 213 64 240 
35 9 155 126 230 
35 11 156 131 230 
35 1047 172 1083 196 
36 219 933 616 1071 
36 344 312 620 505 
36 1375 221 1519 266 
36 1134 232 1235 276 
36 791 326 905 395 
36 446 201 554 247 
36 337 219 463 276 
36 722 206 788 250 
36 1649 236 1789 284 
36 628 320 756 399 
36 950 390 1070 488 
36 1065 272 1165 383 
36 268 205 326 248 
36 152 151 311 229 
36 829 208 879 238 
36 764 286 858 352 
36 42 226 118 260 
36 77 203 176 243 
36 974 218 1040 264 
36 1751 246 1903 287 
36 169 206 276 240 
36 656 280 762 336 
36 916 187 968 220 
36 13 212 65 240 
36 10 206 98 244 
36 1510 247 1652 296 
36 1018 181 1058 206 
36 11 156 128 226 
36 476 258 583 318 
36 675 202 734 243 
36 13 156 131 226 
36 33 198 135 247 
37 1097 240 1209 290 
37 341 308 618 503 
37 222 312 407 400 
37 812 310 924 380 
37 347 217 467 276 
37 444 713 808 1012 
37 963 378 1084 471 
37 1624 235 1731 275 
37 745 226 823 262 
37 604 226 695 283 
37 1714 244 1898 288 
37 1066 277 1160 382 
37 446 203 548 248 
37 8 223 121 264 
37 1348 228 1508 276 
37 264 208 329 247 
37 622 324 761 399 
37 923 200 963 233 
37 1293 241 1920 665 
37 9 209 116 254 
37 91 204 185 246 
37 649 280 763 336 
37 764 289 843 352 
37 460 218 562 266 
37 487 239 559 291 
37 161 153 314 228 
37 872 187 911 209 
37 770 287 852 356 
37 989 181 1059 226 
37 1033 151 1083 184 
38 609 623 892 851 
38 345 312 616 500 
38 444 202 560 248 
38 821 307 928 372 
38 1731 246 1873 290 
38 1821 243 1919 292 
38 348 225 465 277 
38 788 203 842 232 
38 1049 195 1142 232 
38 1065 269 1168 384 
38 2 220 120 264 
38 626 318 759 400 
38 939 213 998 251 
38 1323 255 1416 315 
38 454 267 572 326 
38 969 374 1085 469 
38 79 204 169 246 
38 1313 258 1920 707 
38 633 258 760 333 
38 261 209 327 249 
38 768 288 857 346 
38 1305 205 1352 233 
38 94 310 280 404 
38 1369 231 1517 277 
38 21 152 130 234 
38 160 152 305 225 
38 1579 233 1708 276 
38 38 198 141 246 
38 859 197 899 225 
38 1344 235 1497 303 
39 671 580 922 789 
39 337 304 614 507 
39 200 316 359 403 
39 448 202 555 246 
39 820 305 930 368 
39 337 217 461 276 
39 1142 197 1221 232 
39 1374 230 1503 267 
39 85 200 192 246 
39 765 219 826 256 
39 967 373 1087 469 
39 1063 272 1164 384 
39 692 222 762 256 
39 150 151 316 237 
39 625 325 756 400 
39 17 222 125 261 
39 996 225 1089 272 
39 1731 244 1897 287 
39 1055 157 1083 183 
39 259 199 324 243 
39 766 287 854 349 
39 10 205 113 245 
39 832 189 873 223 
39 1682 246 1873 292 
39 650 277 766 336 
39 663 278 770 337 
39 12 158 125 224 
39 1304 233 1912 677 
39 768 288 860 356 
39 1246 193 1299 228 
39 994 174 1028 215 
39 121 206 189 247 
40 63 391 293 498 
40 336 312 612 506 
40 713 550 947 744 
40 1378 217 1522 266 
40 822 304 930 367 
40 450 203 557 248 
40 563 246 663 296 
40 1141 241 1257 297 
40 338 218 459 277 
40 637 255 754 333 
40 1064 274 1163 383 
40 967 373 1085 468 
40 624 316 756 398 
40 87 204 185 245 
40 1206 186 1259 225 
40 1008 209 1073 244 
40 1543 234 1705 286 
40 1298 227 1914 711 
40 1041 164 1080 196 
40 747 216 806 252 
40 767 287 865 348 
40 151 151 321 239 
40 10 209 117 246 
40 919 187 979 224 
40 1750 242 1901 285 
40 388 105 1536 348 
40 21 226 118 260 
40 970 171 1020 206 
40 261 198 324 245 
40 768 286 864 355 
40 1703 243 1865 288 
40 1530 244 1677 291 
40 879 175 938 207 
41 6 977 117 1074 
41 450 202 555 245 
41 341 300 615 505 
41 821 306 927 367 
41 1098 227 1195 272 
41 1362 212 1510 270 
41 967 374 1082 469 
41 1707 243 1894 290 
41 87 202 186 244 
41 622 323 754 398 
41 1028 173 1077 210 
41 345 220 458 274 
41 1066 269 1164 384 
41 264 207 326 247 
41 936 189 993 241 
41 12 210 111 249 
41 736 541 956 718 
41 176 208 276 239 
41 1277 238 1915 679 
41 646 277 762 338 
41 885 162 920 191 
41 676 823 1002 1076 
41 25 225 118 260 
41 766 286 858 349 
41 669 819 1007 1076 
41 767 285 860 353 
41 807 195 872 226 
41 616 244 692 297 
41 795 193 855 226 
41 156 153 314 231 
41 83 207 152 244 
41 128 207 186 246 
41 615 239 695 298 
41 1550 231 1703 276 
42 235 642 560 855 
42 61 378 283 487 
42 448 202 556 247 
42 337 306 613 508 
42 1284 243 1378 289 
42 48 361 241 436 
42 822 306 928 369 
42 909 615 1109 795 
42 345 217 463 276 
42 1384 236 1512 272 
42 1709 241 1895 292 
42 1542 234 1696 282 
42 768 225 827 256 
42 1063 271 1164 385 
42 967 375 1080 469 
42 619 325 754 399 
42 808 175 858 213 
42 90 204 185 245 
42 763 288 861 350 
42 12 215 113 254 
42 1282 246 1913 677 
42 267 207 325 245 
42 1016 177 1054 211 
42 680 220 753 255 
42 937 196 989 239 
42 749 519 972 694 
42 1622 231 1713 275 
42 153 153 302 231 
42 985 223 1055 260 
42 648 281 760 338 
42 1532 237 1658 273 
42 764 287 864 355 
42 41 221 129 256 
43 1045 487 1173 601 
43 341 313 617 507 
43 1374 230 1504 268 
43 550 516 754 645 
43 444 204 560 250 
43 1715 243 1898 291 
43 347 221 462 275 
43 1 385 204 515 
43 825 306 931 367 
43 967 375 1085 469 
43 816 208 880 244 
43 1066 271 1169 382 
43 87 203 184 246 
43 1634 234 1717 276 
43 766 288 858 352 
43 623 318 757 400 
43 263 207 326 245 
43 517 244 622 305 
43 13 215 102 250 
43 1532 243 1665 287 
43 1304 231 1919 670 
43 957 211 1024 255 
43 1077 241 1184 285 
43 1318 202 1353 230 
43 25 228 115 259 
43 765 520 971 682 
43 702 200 768 237 
43 1480 229 1564 267 
43 902 184 942 208 
43 647 254 757 336 
43 646 253 750 333 
43 961 202 1025 245 
44 1123 401 1228 486 
44 345 313 619 505 
44 699 446 860 545 
44 1285 266 1393 312 
44 1383 223 1516 270 
44 216 304 385 397 
44 449 204 555 246 
44 826 305 937 368 
44 716 235 790 275 
44 1026 227 1119 273 
44 339 220 465 276 
44 538 228 635 278 
44 968 374 1083 471 
44 1708 246 1896 290 
44 88 202 180 244 
44 1301 233 1920 695 
44 628 322 757 399 
44 1535 235 1696 285 
44 11 211 118 253 
44 821 203 874 237 
44 764 284 855 350 
44 767 516 977 681 
44 14 221 124 262 
44 263 209 325 247 
44 1063 266 1166 379 
44 1622 231 1712 276 
44 150 150 309 231 
44 175 209 271 239 
44 1025 183 1068 221 
44 125 208 184 247 
44 950 185 1001 214 
44 964 190 1016 217 
44 18 147 137 236 
44 67 199 157 244 
44 1100 78 1111 106 
45 3 406 236 519 
45 449 202 557 248 
45 339 315 615 506 
45 259 283 406 359 
45 787 399 917 479 
45 1187 247 1327 304 
45 823 305 932 368 
45 1709 241 1884 290 
45 1067 272 1174 386 
45 1204 343 1324 415 
45 710 230 784 270 
45 344 225 460 276 
45 1364 213 1506 268 
45 838 182 890 216 
45 1632 232 1713 275 
45 930 201 974 232 
45 90 204 185 247 
45 1309 238 1908 666 
45 623 322 755 400 
45 968 373 1086 469 
45 176 225 286 257 
45 1042 194 1116 228 
45 768 519 977 680 
45 1524 241 1671 289 
45 12 212 101 248 
45 149 153 307 230 
45 766 286 860 347 
45 262 206 324 242 
45 557 277 662 337 
45 25 229 117 260 
45 873 173 910 209 
45 769 286 855 351 
45 995 175 1037 212 
45 623 321 754 401 
45 771 518 975 683 
46 226 367 347 447 
46 342 311 614 508 
46 448 201 557 247 
46 1861 710 1919 834 
46 852 360 957 441 
46 347 220 465 276 
46 1078 199 1178 235 
46 1715 246 1901 289 
46 88 203 186 246 
46 804 181 858 213 
46 1064 268 1165 387 
46 967 375 1085 469 
46 936 212 1003 247 
46 263 209 325 247 
46 819 304 938 366 
46 625 321 758 400 
46 1630 232 1711 275 
46 768 519 976 680 
46 10 211 115 253 
46 149 152 295 226 
46 717 213 802 251 
46 541 269 651 326 
46 767 289 856 350 
46 1351 200 1494 269 
46 10 222 118 263 
46 653 284 762 334 
46 1290 237 1911 683 
46 992 188 1043 232 
46 1542 240 1678 289 
46 982 197 1031 236 
46 1347 197 1497 271 
46 767 288 857 351 
47 206 349 345 438 
47 345 312 615 509 
47 448 203 557 248 
47 890 335 995 405 
47 344 221 463 277 
47 541 242 650 307 
47 1150 196 1219 230 
47 698 203 768 241 
47 1004 208 1094 265 
47 829 304 936 367 
47 1725 245 1900 293 
47 967 374 1084 470 
47 88 204 185 244 
47 1536 238 1688 285 
47 264 209 327 247 
47 1066 270 1165 385 
47 769 289 860 352 
47 1303 224 1920 696 
47 10 223 121 264 
47 1383 224 1513 270 
47 771 519 977 682 
47 1573 232 1703 278 
47 1624 231 1713 274 
47 623 323 760 399 
47 11 212 116 254 
47 937 187 986 218 
47 155 155 299 224 
47 649 285 763 333 
47 936 185 987 218 
47 993 153 1027 176 
47 625 322 761 401 
48 193 311 372 405 
48 344 313 616 503 
48 560 227 649 275 
48 449 203 557 248 
48 1135 241 1253 291 
48 902 321 1019 391 
48 827 304 938 368 
48 1714 244 1873 287 
48 340 220 463 276 
48 1383 217 1525 269 
48 968 373 1085 471 
48 1544 238 1688 282 
48 1068 269 1167 383 
48 769 290 859 352 
48 89 201 184 247 
48 1294 226 1920 708 
48 629 320 761 400 
48 1317 208 1393 239 
48 260 205 324 247 
48 769 519 977 683 
48 1622 233 1714 276 
48 1019 200 1069 241 
48 12 224 117 263 
48 925 189 984 231 
48 652 281 761 333 
48 1818 254 1910 287 
48 9 207 110 246 
48 158 153 307 227 
48 929 193 982 228 
49 455 203 557 247 
49 309 275 449 346 
49 344 310 617 509 
49 823 306 936 368 
49 1076 214 1151 258 
49 861 182 925 221 
49 941 206 1014 250 
49 1721 241 1886 290 
49 924 313 1035 378 
49 1336 240 1452 315 
49 90 205 187 245 
49 345 216 460 268 
49 1298 244 1906 684 
49 967 370 1084 469 
49 263 207 326 246 
49 1310 206 1355 230 
49 617 325 755 398 
49 767 515 974 678 
49 769 288 858 353 
49 1066 270 1163 384 
49 1623 231 1715 275 
49 12 214 114 253 
49 1401 214 1519 262 
49 1581 231 1706 278 
49 1177 171 1216 203 
49 649 280 764 338 
49 155 154 302 225 
49 769 289 862 348 
49 124 208 186 246 
49 932 153 966 175 
50 0 366 92 444 
50 341 312 616 512 
50 28 742 505 1077 
50 452 204 556 248 
50 1710 246 1892 290 
50 344 221 462 277 
50 824 307 938 366 
50 1529 238 1707 282 
50 1381 230 1501 269 
50 263 208 325 246 
50 88 205 185 245 
50 617 324 756 398 
50 1304 257 1920 704 
50 746 216 818 259 
50 968 372 1085 470 
50 768 516 976 678 
50 1215 234 1273 274 
50 1064 271 1164 384 
50 767 286 859 350 
50 934 314 1033 370 
50 171 209 271 239 
50 1227 238 1310 277 
50 13 210 97 246 
50 871 171 910 197 
50 1004 225 1110 271 
50 153 153 303 225 
50 660 283 764 337 
50 1355 210 1414 238 
50 36 229 112 257 
50 123 210 186 246 
50 768 286 860 353 
51 346 314 623 509 
51 449 202 556 248 
51 1156 243 1266 296 
51 342 219 461 276 
51 827 306 934 366 
51 794 185 847 214 
51 406 559 694 767 
51 1388 235 1498 270 
51 1068 274 1165 378 
51 81 200 184 244 
51 769 288 861 350 
51 1295 231 1920 694 
51 1756 250 1899 290 
51 942 311 1048 373 
51 622 316 760 401 
51 267 210 329 246 
51 972 375 1086 471 
51 658 228 733 269 
51 14 223 120 263 
51 1472 243 1554 272 
51 1319 204 1364 229 
51 177 207 277 237 
51 1507 250 1664 298 
51 10 209 116 251 
51 769 516 976 678 
51 902 135 932 157 
51 1705 246 1789 290 
51 660 279 769 333 
51 19 153 135 238 
51 1489 258 1662 324 
51 156 153 317 227 
51 1589 228 1689 268 
51 1015 170 1057 197 
51 1009 160 1056 188 
51 1815 249 1902 280 
51 535 261 654 331 
51 122 205 185 246 
51 994 201 1058 243 
51 1541 240 1670 274 
52 343 314 623 504 
52 453 202 557 249 
52 829 306 940 367 
52 940 311 1040 374 
52 347 220 467 276 
52 76 359 302 483 
52 686 211 751 247 
52 1377 223 1532 271 
52 1794 246 1913 292 
52 972 374 1086 471 
52 1352 225 1515 294 
52 629 321 760 399 
52 773 287 860 348 
52 1290 225 1920 688 
52 88 205 159 242 
52 592 465 813 616 
52 900 135 931 158 
52 1716 245 1832 288 
52 1067 268 1166 382 
52 22 153 132 238 
52 29 224 114 262 
52 1223 171 1266 205 
52 1499 238 1682 297 
52 771 514 981 679 
52 1241 182 1272 220 
52 269 211 325 245 
52 976 180 1017 209 
52 774 512 974 684 
52 652 279 774 334 
52 654 281 770 333 
52 126 208 180 244 
52 591 462 815 613 
52 12 209 94 245 
52 156 152 322 235 
52 1473 254 1682 350 
53 108 345 290 430 
53 345 311 623 505 
53 1173 237 1266 278 
53 828 305 939 367 
53 450 203 560 247 
53 344 222 460 276 
53 1385 232 1508 270 
53 525 237 613 286 
53 941 311 1045 371 
53 160 217 266 252 
53 1720 242 1898 290 
53 772 289 861 350 
53 968 372 1085 470 
53 703 405 881 533 
53 168 220 301 256 
53 626 324 761 398 
53 1064 273 1166 382 
53 86 205 159 241 
53 1327 209 1385 235 
53 210 224 310 261 
53 944 192 992 225 
53 32 225 118 260 
53 773 517 981 680 
53 1579 229 1690 267 
53 19 156 124 236 
53 1288 259 1910 696 
53 8 204 93 244 
53 653 282 767 332 
53 254 223 332 256 
53 651 280 770 334 
53 907 137 939 157 
53 902 135 930 157 
53 521 246 591 287 
53 1788 243 1901 279 
53 1504 251 1665 291 
53 121 208 173 244 
54 349 311 626 505 
54 454 202 556 248 
54 827 306 941 368 
54 257 298 395 363 
54 940 310 1040 372 
54 1698 234 1840 288 
54 322 223 455 274 
54 625 324 758 398 
54 966 372 1085 470 
54 158 218 268 250 
54 230 225 309 258 
54 1812 249 1920 285 
54 169 221 300 254 
54 933 173 968 199 
54 78 204 160 241 
54 1064 270 1165 382 
54 762 378 919 489 
54 1277 249 1920 684 
54 774 519 980 678 
54 12 217 118 262 
54 771 289 860 351 
54 1383 224 1511 267 
54 650 281 767 334 
54 9 207 104 250 
54 956 203 1009 241 
54 1494 241 1677 297 
54 20 156 137 233 
54 34 198 138 245 
54 650 280 767 334 
54 763 377 918 493 
54 257 223 326 256 
54 100 203 177 243 
54 962 200 1016 240 
54 701 191 714 220 
54 127 209 179 245 
55 347 310 625 507 
55 450 201 559 247 
55 0 747 332 1048 
55 831 307 946 371 
55 1385 231 1522 269 
55 344 220 456 276 
55 941 308 1041 372 
55 630 320 761 400 
55 215 224 313 261 
55 771 287 863 350 
55 243 222 324 259 
55 1707 243 1869 287 
55 969 373 1085 470 
55 654 280 767 333 
55 70 204 158 241 
55 26 223 124 261 
55 773 516 980 676 
55 175 221 305 257 
55 786 362 935 470 
55 1834 237 1912 281 
55 1294 211 1920 697 
55 1332 209 1386 234 
55 1068 268 1168 381 
55 1018 221 1102 260 
55 841 200 895 231 
55 28 199 146 247 
55 161 212 259 242 
55 132 210 187 246 
55 11 205 101 246 
55 16 155 133 231 
55 1779 241 1911 286 
55 1517 242 1691 287 
55 913 151 941 173 
55 254 209 329 247 
56 346 310 625 505 
56 250 573 528 758 
56 454 202 558 247 
56 1161 242 1265 290 
56 800 354 952 459 
56 839 306 948 364 
56 945 310 1038 371 
56 339 221 458 276 
56 1379 231 1524 269 
56 255 216 332 257 
56 630 319 760 401 
56 895 191 933 215 
56 970 372 1086 470 
56 692 227 767 274 
56 773 518 979 679 
56 1705 241 1837 287 
56 1069 268 1165 382 
56 78 203 161 241 
56 1815 243 1920 286 
56 772 285 856 347 
56 1285 238 1920 689 
56 1580 226 1695 266 
56 159 212 254 244 
56 32 224 121 260 
56 9 203 89 242 
56 1516 242 1675 289 
56 235 222 319 262 
56 16 155 123 231 
56 656 275 777 340 
56 1040 129 1076 156 
56 159 149 312 228 
56 871 161 907 182 
56 37 199 141 246 
56 661 277 774 340 
56 109 204 186 244 
56 873 172 911 194 
57 421 492 636 622 
57 452 201 557 246 
57 345 309 626 491 
57 775 513 981 672 
57 0 488 242 617 
57 339 221 461 276 
57 945 310 1039 370 
57 805 351 955 454 
57 763 222 831 249 
57 618 324 762 399 
57 842 307 947 360 
57 1368 212 1521 271 
57 965 373 1084 469 
57 1063 271 1166 383 
57 78 203 161 242 
57 809 173 860 202 
57 22 225 119 263 
57 1711 243 1841 289 
57 998 139 1033 169 
57 162 212 255 242 
57 1810 240 1918 285 
57 19 155 131 237 
57 768 287 855 348 
57 651 279 769 333 
57 1590 228 1692 267 
57 1743 243 1887 288 
57 1273 229 1920 721 
57 257 220 336 257 
57 900 134 929 155 
57 222 228 314 264 
57 11 206 96 244 
57 1505 246 1671 295 
57 162 151 319 232 
57 37 198 138 245 
57 773 212 837 240 
57 1458 261 1689 350 
57 768 286 857 351 
57 256 206 333 245 
57 130 211 183 246 
57 654 283 763 330 
57 101 203 179 243 
58 0 423 102 526 
58 174 417 345 522 
58 516 444 708 565 
58 341 307 624 505 
58 451 201 556 246 
58 150 965 554 1070 
58 806 352 955 453 
58 338 221 460 277 
58 943 311 1040 371 
58 791 503 987 659 
58 612 323 762 398 
58 936 158 981 188 
58 1378 217 1521 266 
58 1064 272 1167 382 
58 843 308 946 359 
58 29 226 119 262 
58 966 374 1088 469 
58 1502 241 1672 292 
58 771 288 859 349 
58 1706 237 1835 287 
58 84 207 159 243 
58 667 280 768 333 
58 164 214 253 241 
58 776 176 828 208 
58 1815 242 1915 281 
58 1275 253 1920 674 
58 21 151 138 237 
58 31 200 143 247 
58 555 270 660 323 
58 260 218 336 256 
58 1698 227 1812 276 
58 134 212 183 246 
58 1589 229 1689 270 
58 11 210 99 246 
58 163 151 316 233 
58 257 205 335 248 
58 119 205 180 243 
59 1 523 115 627 
59 582 414 747 522 
59 334 305 617 501 
59 452 202 557 246 
59 340 221 460 276 
59 805 353 957 453 
59 945 311 1039 371 
59 858 174 916 211 
59 608 324 763 397 
59 804 494 1000 647 
59 83 385 288 470 
59 1387 230 1521 269 
59 966 374 1087 470 
59 844 307 948 360 
59 1714 241 1899 288 
59 1063 272 1166 382 
59 257 825 704 1075 
59 1223 143 1261 171 
59 758 174 807 210 
59 160 213 252 242 
59 1503 242 1671 297 
59 87 207 157 242 
59 22 151 133 236 
59 29 223 117 262 
59 769 288 857 348 
59 262 208 338 251 
59 1645 231 1752 277 
59 769 288 858 351 
59 654 281 763 332 
59 1279 240 1920 696 
59 1493 259 1663 335 
59 35 198 140 246 
59 157 150 313 232 
59 11 211 94 245 
59 652 280 767 333 
59 15 213 63 241 
60 438 748 772 1014 
60 630 391 780 490 
60 813 487 1003 638 
60 449 201 557 245 
60 342 310 614 500 
60 802 351 955 454 
60 341 219 464 277 
60 942 310 1040 371 
60 0 454 289 586 
60 966 375 1086 469 
60 619 323 766 398 
60 1378 232 1518 267 
60 1544 227 1692 271 
60 1063 271 1166 383 
60 845 310 946 362 
60 1708 243 1846 289 
60 1284 252 1920 678 
60 159 215 255 244 
60 1526 240 1681 285 
60 20 154 141 234 
60 29 223 116 263 
60 770 288 858 349 
60 262 209 339 248 
60 1321 195 1378 231 
60 84 205 161 244 
60 206 226 309 262 
60 156 146 313 231 
60 1807 243 1913 283 
60 31 195 141 246 
60 900 134 929 155 
60 745 196 818 243 
60 649 281 769 333 
60 15 212 63 240 
60 736 189 820 243 
60 651 281 765 331 
60 1467 275 1694 348 
60 10 210 98 245 
