1 348 279 748 478 
1 0 872 278 1072 
1 449 546 706 722 
1 1770 242 1893 285 
1 765 385 925 490 
1 20 445 307 565 
1 674 528 964 781 
1 0 552 269 717 
1 389 199 489 246 
1 657 378 795 465 
1 535 227 651 279 
1 23 188 133 230 
1 1063 323 1135 384 
1 898 225 1010 270 
1 867 182 1015 245 
1 172 192 256 230 
1 1763 828 1907 1061 
1 532 185 613 221 
1 249 220 313 259 
1 908 324 1001 400 
1 1496 248 1629 286 
1 796 185 845 214 
1 16 182 113 224 
1 1110 195 1217 245 
1 317 220 384 256 
1 791 271 923 378 
1 369 476 583 623 
1 364 475 588 627 
1 742 281 826 347 
1 293 523 466 645 
1 356 218 395 246 
1 790 272 918 382 
1 1223 174 1267 227 
1 12 167 67 209 
1 1101 79 1113 108 
1 1108 195 1220 246 
1 199 206 297 246 
1 1431 238 1526 271 
1 292 222 371 261 
1 25 156 1452 834 
31 346 284 751 477 
31 0 875 278 1073 
31 445 549 715 719 
31 767 385 925 490 
31 15 448 303 567 
31 0 548 278 719 
31 1382 231 1501 271 
31 390 199 488 241 
31 659 378 796 463 
31 39 185 142 226 
31 769 479 1009 680 
31 1610 235 1725 276 
31 1494 246 1619 283 
31 296 293 427 352 
31 168 199 256 237 
31 1208 245 1303 288 
31 491 188 555 223 
31 626 229 753 273 
31 1064 321 1135 382 
31 924 182 1039 237 
31 272 222 358 264 
31 853 183 916 212 
31 742 284 826 348 
31 636 226 825 275 
31 291 521 468 655 
31 1182 163 1229 201 
31 905 323 999 399 
31 793 270 928 383 
31 366 480 586 632 
31 370 480 586 627 
31 1287 225 1919 811 
31 1766 824 1907 1067 
31 904 321 999 401 
31 789 269 927 380 
31 1098 79 1112 111 
61 354 282 749 478 
61 0 878 301 1073 
61 134 323 297 394 
61 452 556 706 728 
61 769 383 922 489 
61 32 187 132 226 
61 1381 229 1496 269 
61 661 377 800 465 
61 1067 321 1141 385 
61 830 443 1048 628 
61 393 195 500 241 
61 509 169 670 238 
61 182 838 668 1073 
61 1761 247 1908 293 
61 285 219 363 273 
61 2 554 281 720 
61 23 449 308 567 
61 1497 246 1633 282 
61 1017 246 1178 302 
61 177 198 261 233 
61 283 519 492 670 
61 759 191 860 231 
61 790 271 928 378 
61 915 324 1005 399 
61 367 480 586 636 
61 228 197 268 226 
61 1284 246 1920 740 
61 340 224 384 267 
61 1176 165 1207 188 
61 1061 245 1190 294 
61 11 182 85 220 
61 836 130 867 156 
61 1095 237 1188 273 
61 327 487 552 655 
61 907 321 999 401 
61 882 189 933 212 
61 372 480 584 632 
61 10 564 347 809 
61 1244 196 1265 236 
91 359 280 752 478 
91 0 875 289 1075 
91 457 555 709 728 
91 774 387 928 492 
91 0 376 77 441 
91 1821 243 1920 287 
91 22 447 310 567 
91 661 378 800 462 
91 39 188 147 228 
91 0 555 277 720 
91 790 183 841 215 
91 1385 232 1507 268 
91 1501 243 1622 286 
91 361 161 506 238 
91 185 200 263 233 
91 288 526 488 664 
91 880 412 1069 580 
91 1068 318 1143 383 
91 459 689 802 979 
91 285 217 374 275 
91 623 195 726 228 
91 371 479 593 639 
91 1677 252 1823 292 
91 860 185 919 214 
91 795 268 931 380 
91 1770 821 1908 1055 
91 1260 242 1920 764 
91 913 319 1006 397 
91 916 313 1012 399 
91 837 131 867 155 
91 387 193 486 238 
91 0 587 351 828 
91 1244 189 1267 238 
121 0 877 288 1072 
121 352 282 748 478 
121 455 550 709 716 
121 388 199 494 241 
121 1389 231 1501 271 
121 663 377 796 464 
121 38 191 149 243 
121 771 384 923 493 
121 1678 239 1828 289 
121 793 184 844 214 
121 0 555 276 719 
121 1491 242 1629 283 
121 286 222 357 274 
121 23 447 307 565 
121 175 195 262 238 
121 906 390 1085 552 
121 1068 318 1143 383 
121 280 520 489 655 
121 362 478 585 630 
121 912 319 1008 396 
121 605 612 889 834 
121 861 185 921 215 
121 4 215 112 258 
121 220 166 307 219 
121 835 132 866 157 
121 509 187 604 227 
121 1765 821 1908 1050 
121 796 267 933 375 
121 1271 221 1920 835 
121 1247 190 1267 236 
121 507 186 607 228 
121 798 268 933 380 
121 8 585 344 852 
121 612 612 877 829 
121 12 144 1436 817 
121 1838 270 1910 295 
151 0 877 277 1073 
151 349 282 749 479 
151 450 557 711 723 
151 1384 230 1509 271 
151 19 448 306 566 
151 1653 242 1791 288 
151 772 384 923 490 
151 664 374 795 460 
151 280 218 364 275 
151 924 381 1094 533 
151 794 184 844 212 
151 13 532 460 713 
151 1498 249 1616 283 
151 670 781 1006 1072 
151 912 312 1024 389 
151 1071 317 1146 381 
151 1041 267 1063 318 
151 812 262 941 365 
151 858 186 919 213 
151 162 199 256 240 
151 390 190 496 238 
151 1282 224 1920 838 
151 367 480 593 639 
151 0 560 262 721 
151 346 223 394 266 
151 697 568 938 758 
151 114 667 190 751 
151 1769 823 1910 1070 
151 372 477 590 634 
151 697 568 934 757 
151 390 189 497 239 
151 58 168 142 226 
151 54 186 139 227 
181 377 277 768 467 
181 0 886 287 1067 
181 388 201 497 239 
181 477 536 725 705 
181 1383 230 1501 271 
181 0 563 234 708 
181 695 363 828 444 
181 1087 305 1156 362 
181 28 447 312 567 
181 786 383 937 480 
181 1497 246 1620 284 
181 291 464 610 628 
181 283 217 358 271 
181 757 523 964 693 
181 1624 240 1726 281 
181 345 223 393 268 
181 64 186 143 226 
181 860 185 917 212 
181 799 185 841 213 
181 1777 236 1845 274 
181 956 368 1108 509 
181 897 594 1121 807 
181 8 159 79 221 
181 1769 816 1911 1063 
181 959 287 1047 360 
181 844 254 967 347 
181 1705 250 1800 284 
181 1081 249 1098 287 
181 951 373 1105 506 
181 846 254 971 349 
181 9 182 1134 836 
181 965 290 1051 359 
181 222 204 264 228 
181 1284 240 1914 707 
181 901 597 1119 811 
181 58 130 1906 827 
181 324 219 389 268 
211 444 264 793 441 
211 0 547 308 709 
211 9 866 304 1065 
211 552 504 765 652 
211 829 359 969 450 
211 369 427 662 594 
211 398 198 498 242 
211 72 430 346 553 
211 1383 225 1508 271 
211 46 189 133 229 
211 1603 238 1706 279 
211 684 222 760 256 
211 176 193 267 236 
211 744 343 855 409 
211 1109 281 1185 338 
211 1679 248 1794 290 
211 797 184 848 214 
211 891 240 991 323 
211 835 246 903 301 
211 356 221 418 261 
211 1497 247 1613 282 
211 283 217 370 275 
211 1001 501 1176 664 
211 988 356 1127 472 
211 1279 219 1920 782 
211 1010 256 1092 320 
211 805 492 995 652 
211 1015 259 1090 321 
211 836 131 867 156 
211 862 186 918 211 
211 989 355 1126 474 
211 1116 226 1131 264 
211 1003 501 1174 664 
211 807 491 998 649 
241 9 541 318 688 
241 11 797 372 1068 
241 551 245 844 409 
241 1391 231 1509 274 
241 668 454 840 576 
241 1505 243 1619 282 
241 846 227 908 278 
241 591 207 678 245 
241 1604 235 1689 280 
241 1668 249 1800 293 
241 391 205 494 255 
241 485 393 737 539 
241 181 202 262 234 
241 1140 257 1206 307 
241 190 403 423 515 
241 796 186 841 214 
241 1831 248 1914 296 
241 36 224 127 260 
241 288 221 365 275 
241 1021 331 1143 435 
241 864 458 1027 591 
241 341 222 409 265 
241 1058 232 1123 283 
241 1278 232 1920 764 
241 52 199 139 230 
241 887 328 1003 408 
241 1768 817 1910 1066 
241 1065 432 1203 573 
241 1063 435 1207 571 
241 828 316 914 372 
241 889 325 1001 410 
241 837 131 868 156 
241 949 218 1040 296 
241 948 218 1042 295 
241 1227 150 1267 177 
241 1023 329 1143 438 
241 39 202 128 237 
241 864 180 917 210 
241 1057 230 1123 284 
271 162 679 541 948 
271 158 490 439 619 
271 4 697 191 890 
271 650 230 902 368 
271 782 395 908 494 
271 1794 242 1911 289 
271 1107 397 1232 500 
271 1497 244 1617 284 
271 1383 230 1499 273 
271 176 198 267 235 
271 1596 235 1687 279 
271 472 198 541 234 
271 894 282 974 337 
271 1660 250 1792 293 
271 787 704 1039 972 
271 961 286 1056 358 
271 392 208 477 256 
271 29 179 128 226 
271 1774 822 1912 1063 
271 1154 234 1225 276 
271 316 367 514 468 
271 914 416 1063 533 
271 284 220 361 273 
271 620 357 802 469 
271 796 190 848 222 
271 1097 212 1148 255 
271 1064 294 1153 402 
271 990 206 1063 277 
271 347 224 396 267 
271 486 435 673 554 
271 871 186 915 208 
271 1060 299 1154 395 
271 838 131 870 158 
271 797 185 843 212 
271 622 358 804 471 
271 320 369 519 470 
271 2 96 119 209 
301 449 559 713 732 
301 359 421 569 527 
301 880 335 992 413 
301 954 564 1119 724 
301 1595 237 1689 281 
301 737 210 929 324 
301 0 564 177 745 
301 0 486 211 578 
301 437 328 603 414 
301 1380 227 1498 272 
301 175 197 263 233 
301 1141 354 1269 452 
301 282 217 377 275 
301 1493 245 1616 281 
301 40 185 136 229 
301 1783 243 1902 289 
301 955 252 1025 300 
301 613 379 771 470 
301 1012 257 1087 316 
301 1678 246 1797 293 
301 705 203 768 242 
301 392 203 491 243 
301 380 210 473 256 
301 636 249 735 296 
301 1129 193 1175 231 
301 1773 827 1913 1061 
301 1032 177 1095 246 
301 729 322 873 409 
301 794 181 846 213 
301 971 369 1094 471 
301 22 554 460 793 
301 1098 271 1191 354 
301 836 129 870 155 
301 1186 207 1238 247 
301 29 558 444 801 
301 1100 274 1191 351 
331 671 454 855 580 
331 184 464 444 596 
331 392 729 743 1014 
331 517 363 685 451 
331 1213 327 1340 409 
331 185 410 411 502 
331 1039 465 1177 587 
331 31 219 123 259 
331 1784 244 1908 288 
331 1381 228 1497 271 
331 958 290 1049 350 
331 803 189 934 306 
331 1596 234 1689 278 
331 788 181 842 216 
331 1665 249 1790 296 
331 1019 329 1131 410 
331 720 259 793 305 
331 1493 244 1616 282 
331 164 197 252 232 
331 589 194 672 232 
331 385 208 478 254 
331 543 303 685 372 
331 45 198 144 232 
331 552 244 676 300 
331 287 218 358 274 
331 1007 233 1068 270 
331 1127 256 1201 321 
331 743 323 860 406 
331 835 279 936 361 
331 35 206 126 238 
331 347 222 393 267 
331 1067 174 1121 219 
331 836 130 869 157 
331 371 448 649 615 
331 1069 232 1129 276 
331 402 202 491 239 
331 1155 172 1196 207 
331 1284 233 1920 776 
331 373 448 646 620 
331 76 197 159 229 
331 333 218 405 265 
331 1768 823 1908 1060 
331 1124 256 1199 322 
361 4 941 162 1077 
361 423 385 610 491 
361 833 369 962 461 
361 371 358 526 450 
361 24 220 125 263 
361 1384 231 1499 272 
361 1096 399 1198 501 
361 284 218 366 274 
361 1595 235 1687 278 
361 1497 243 1617 284 
361 686 572 912 748 
361 798 182 846 214 
361 184 198 261 233 
361 644 810 968 1073 
361 1146 239 1211 295 
361 641 280 742 341 
361 1790 246 1893 288 
361 386 209 475 255 
361 470 252 582 307 
361 663 331 777 404 
361 1032 261 1096 306 
361 1667 250 1792 290 
361 484 199 535 230 
361 727 237 781 277 
361 470 201 518 233 
361 98 207 174 242 
361 601 381 768 486 
361 486 191 535 223 
361 1047 206 1092 243 
361 1271 220 1920 804 
361 112 214 177 246 
361 835 130 866 157 
361 908 257 987 311 
361 1711 243 1801 274 
361 837 185 918 285 
361 1770 821 1907 1059 
361 837 184 915 284 
361 1069 296 1152 369 
361 597 383 772 483 
361 906 136 938 154 
361 1088 164 1143 207 
391 269 652 540 848 
391 0 689 231 913 
391 579 338 734 424 
391 855 622 1070 832 
391 375 258 510 330 
391 497 320 629 407 
391 1598 237 1694 283 
391 1386 231 1496 273 
391 936 312 1039 380 
391 1105 271 1184 330 
391 657 217 725 249 
391 1788 245 1893 291 
391 174 199 259 238 
391 804 167 924 263 
391 1488 243 1609 283 
391 29 219 111 255 
391 762 328 877 394 
391 712 253 792 313 
391 367 205 491 259 
391 42 192 135 228 
391 766 297 895 368 
391 1677 243 1787 288 
391 1169 223 1228 273 
391 1145 353 1253 434 
391 287 217 363 271 
391 853 461 1020 588 
391 0 586 19 642 
391 906 136 939 155 
391 1084 225 1138 268 
391 836 136 870 159 
391 1775 824 1915 1066 
391 962 230 1034 285 
391 858 463 1020 590 
421 188 426 408 519 
421 279 522 532 662 
421 600 496 774 616 
421 974 522 1136 659 
421 684 300 825 375 
421 0 569 233 715 
421 737 168 889 250 
421 267 279 410 351 
421 602 291 714 367 
421 1387 231 1495 272 
421 545 204 620 238 
421 1607 239 1702 283 
421 1786 248 1900 293 
421 1491 243 1613 284 
421 873 270 976 339 
421 1019 266 1092 325 
421 44 192 142 229 
421 732 230 792 288 
421 386 208 484 255 
421 1197 203 1245 248 
421 827 266 895 324 
421 166 188 238 228 
421 957 384 1081 486 
421 1217 327 1336 399 
421 1116 204 1170 240 
421 1674 247 1790 289 
421 279 216 374 270 
421 1139 250 1204 303 
421 1775 826 1914 1063 
421 835 135 869 158 
421 890 183 948 214 
421 986 181 1016 199 
421 212 206 286 241 
421 992 182 1023 201 
451 240 464 467 579 
451 549 421 727 524 
451 444 350 606 421 
451 85 318 260 405 
451 0 614 122 730 
451 797 400 900 480 
451 1385 231 1496 271 
451 777 272 875 336 
451 651 795 949 1074 
451 26 220 119 260 
451 1043 434 1171 545 
451 863 249 928 296 
451 1491 243 1611 283 
451 1605 238 1700 283 
451 1790 249 1895 291 
451 1068 237 1125 277 
451 685 265 778 331 
451 957 239 1030 296 
451 283 219 368 277 
451 384 208 478 255 
451 49 196 130 229 
451 1163 233 1218 277 
451 650 164 818 239 
451 177 197 255 235 
451 1209 194 1257 232 
451 68 193 136 223 
451 1682 249 1788 289 
451 708 217 779 264 
451 1032 332 1131 414 
451 1278 246 1918 713 
451 9 172 64 217 
451 1771 823 1908 1058 
451 1032 333 1131 415 
451 845 185 917 215 
481 540 143 728 226 
481 0 853 268 1069 
481 721 345 852 427 
481 0 717 202 897 
481 599 304 725 366 
481 468 382 637 472 
481 1386 231 1495 272 
481 920 326 1007 395 
481 112 491 405 639 
481 26 220 119 261 
481 878 603 1083 799 
481 283 219 366 276 
481 1790 249 1894 291 
481 384 207 481 253 
481 649 202 735 249 
481 1183 214 1232 254 
481 46 194 132 228 
481 1488 242 1610 282 
481 175 198 249 235 
481 730 249 790 298 
481 790 183 841 214 
481 1104 382 1219 465 
481 1766 825 1906 1056 
481 1608 241 1711 282 
481 1110 217 1164 253 
481 835 242 922 306 
481 1009 219 1066 262 
481 1215 181 1263 216 
481 1678 251 1786 290 
481 1094 288 1172 354 
481 1095 289 1171 354 
481 831 240 921 309 
481 236 202 302 234 
481 1641 244 1772 288 
481 872 183 936 213 
481 1227 192 1269 229 
481 836 130 866 154 
481 970 180 1003 203 
511 454 529 723 709 
511 0 576 226 747 
511 301 516 568 660 
511 840 295 946 359 
511 389 400 594 511 
511 1388 230 1495 272 
511 619 327 753 404 
511 283 218 366 276 
511 27 221 123 260 
511 1489 242 1613 282 
511 695 277 774 325 
511 386 209 476 255 
511 1783 246 1874 287 
511 175 198 262 235 
511 720 226 780 271 
511 1596 236 1699 280 
511 852 232 916 284 
511 51 195 131 228 
511 1013 280 1067 328 
511 579 198 671 240 
511 412 166 607 224 
511 992 495 1148 635 
511 392 205 490 243 
511 792 183 836 210 
511 1190 355 1307 415 
511 1698 254 1786 289 
511 1773 823 1910 1064 
511 1137 258 1203 313 
511 0 467 68 598 
511 1206 192 1259 236 
511 1046 207 1096 242 
511 1198 204 1245 239 
511 1215 185 1267 233 
511 1138 196 1173 229 
511 1212 172 1265 218 
511 78 195 135 224 
511 1118 188 1163 222 
511 398 194 505 232 
511 0 459 69 605 
511 1136 257 1203 314 
511 1110 174 1152 213 
511 331 215 413 262 
541 234 464 486 588 
541 0 349 381 586 
541 576 343 728 428 
541 926 259 1009 309 
541 775 388 932 492 
541 1382 229 1499 272 
541 1492 243 1614 284 
541 282 220 378 277 
541 663 216 734 253 
541 1595 237 1703 282 
541 0 651 65 736 
541 349 154 510 230 
541 611 400 763 498 
541 27 223 116 257 
541 40 196 131 232 
541 1790 248 1889 289 
541 174 199 264 237 
541 355 210 471 256 
541 1076 407 1194 512 
541 852 225 910 269 
541 1703 253 1793 289 
541 728 300 842 355 
541 1065 248 1114 287 
541 354 201 480 244 
541 777 200 844 243 
541 1772 824 1910 1066 
541 1147 236 1222 280 
541 1061 186 1124 220 
541 506 192 585 235 
541 1310 264 1327 304 
541 1145 234 1220 280 
541 836 132 866 157 
541 1855 252 1920 296 
541 504 190 587 235 
541 1227 189 1269 233 
541 292 214 433 265 
571 170 561 470 721 
571 475 389 650 484 
571 85 509 381 640 
571 296 284 558 473 
571 144 530 424 684 
571 932 308 1038 381 
571 778 323 884 400 
571 592 204 665 241 
571 1386 230 1502 273 
571 696 303 819 378 
571 42 192 135 229 
571 1788 246 1888 290 
571 1596 238 1711 283 
571 27 220 120 259 
571 280 217 360 278 
571 1495 244 1617 284 
571 730 228 789 270 
571 387 209 475 257 
571 1157 350 1267 434 
571 175 158 346 235 
571 990 232 1058 273 
571 1697 254 1790 290 
571 1178 218 1231 254 
571 1770 826 1907 1052 
571 808 266 887 326 
571 346 222 387 269 
571 688 203 752 232 
571 400 200 491 241 
571 788 214 842 247 
571 393 545 711 747 
571 1312 269 1326 312 
571 864 182 917 210 
571 1308 270 1322 313 
571 1221 178 1264 231 
571 833 130 865 156 
571 1096 164 1148 203 
571 793 208 846 240 
571 384 551 709 749 
571 1628 244 1777 286 
571 324 218 385 269 
601 354 424 561 520 
601 546 417 721 524 
601 630 330 768 409 
601 1391 231 1505 273 
601 509 254 699 388 
601 1025 259 1100 316 
601 776 274 865 334 
601 675 210 749 252 
601 1597 238 1713 284 
601 37 188 131 228 
601 1287 326 1356 390 
601 1489 242 1613 285 
601 284 219 359 274 
601 384 209 475 256 
601 1186 206 1246 241 
601 570 199 652 232 
601 490 198 557 234 
601 1791 248 1891 289 
601 1045 205 1097 244 
601 852 249 910 307 
601 392 204 487 246 
601 773 393 924 490 
601 1694 254 1789 290 
601 733 208 772 240 
601 173 196 250 233 
601 801 186 847 215 
601 896 277 973 330 
601 340 216 407 262 
601 860 182 928 215 
601 1770 827 1909 1066 
601 1137 201 1172 234 
601 893 286 951 333 
601 1204 202 1256 239 
601 1279 238 1912 777 
601 1845 249 1919 292 
631 0 621 326 817 
631 520 367 681 447 
631 591 200 676 243 
631 1388 232 1505 273 
631 714 701 984 965 
631 763 336 853 412 
631 666 224 799 328 
631 740 297 843 357 
631 1598 237 1710 284 
631 362 206 469 254 
631 283 220 373 277 
631 945 298 1038 373 
631 1484 241 1615 285 
631 172 191 255 232 
631 1788 247 1889 289 
631 498 194 554 227 
631 23 221 130 261 
631 1202 197 1251 232 
631 1774 832 1909 1066 
631 792 184 841 213 
631 833 244 908 304 
631 1685 253 1796 294 
631 1088 229 1144 271 
631 18 211 122 249 
631 1306 280 1322 319 
631 20 188 128 232 
631 967 247 1031 289 
631 861 179 929 217 
631 6 159 132 225 
631 446 198 500 231 
661 470 450 674 562 
661 1390 231 1505 273 
661 497 194 579 236 
661 805 267 898 326 
661 638 325 768 396 
661 952 522 1123 671 
661 1597 237 1712 285 
661 747 202 844 296 
661 890 280 981 334 
661 1785 247 1874 289 
661 39 180 132 231 
661 370 208 475 255 
661 174 197 256 235 
661 282 215 364 276 
661 1495 244 1615 284 
661 1046 253 1113 307 
661 1686 253 1789 293 
661 27 220 112 253 
661 1124 207 1171 242 
661 1770 826 1907 1054 
661 1230 190 1264 229 
661 848 226 913 279 
661 1275 226 1920 807 
661 346 215 429 260 
661 1220 122 1267 158 
661 1642 245 1777 290 
661 1010 224 1065 259 
661 860 180 918 209 
691 1388 232 1504 273 
691 704 356 849 436 
691 584 686 889 946 
691 851 245 909 295 
691 1596 238 1708 284 
691 1095 224 1153 264 
691 1490 244 1610 283 
691 1792 247 1887 290 
691 1048 434 1187 553 
691 1700 253 1798 291 
691 34 220 120 257 
691 697 300 829 364 
691 163 195 251 232 
691 48 196 149 229 
691 707 190 823 271 
691 281 213 368 275 
691 392 197 495 245 
691 349 222 396 264 
691 970 244 1035 293 
691 46 185 152 224 
691 1239 187 1271 224 
691 367 212 468 257 
691 1770 823 1906 1061 
691 1228 183 1264 219 
691 45 202 130 235 
691 800 181 847 205 
691 861 178 931 212 
691 1278 227 1920 828 
691 1621 242 1752 286 
691 1151 188 1194 216 
691 1238 177 1269 214 
721 42 187 143 228 
721 852 296 948 357 
721 0 617 282 853 
721 609 199 666 235 
721 170 192 273 234 
721 1598 237 1709 284 
721 836 231 903 272 
721 1388 229 1495 273 
721 828 551 1032 709 
721 1791 247 1888 290 
721 375 210 482 253 
721 279 217 377 269 
721 669 186 774 254 
721 394 203 494 244 
721 1490 243 1612 283 
721 1695 253 1792 290 
721 743 285 851 347 
721 1095 389 1215 486 
721 1134 200 1185 237 
721 1768 824 1904 1047 
721 1033 226 1084 258 
721 781 189 833 237 
721 1303 300 1321 342 
721 1623 242 1756 286 
721 873 181 932 216 
721 1240 187 1272 226 
751 1383 230 1496 271 
751 508 195 589 230 
751 1124 359 1233 453 
751 752 281 854 342 
751 1788 246 1887 288 
751 281 214 356 273 
751 1596 235 1704 280 
751 388 207 477 252 
751 1491 246 1618 281 
751 555 134 739 236 
751 925 478 1094 611 
751 57 187 153 223 
751 779 221 848 253 
751 936 258 1014 305 
751 1682 252 1785 290 
751 33 219 125 261 
751 1308 304 1326 347 
751 351 223 391 266 
751 189 196 272 231 
751 1061 197 1117 232 
751 1765 825 1908 1060 
751 878 180 930 213 
751 341 218 403 261 
751 577 172 731 237 
751 1158 174 1202 212 
751 357 429 656 599 
751 1322 163 1419 235 
751 783 213 849 244 
751 223 187 278 220 
751 794 179 843 212 
751 1701 247 1786 279 
751 457 202 499 232 
751 862 181 916 211 
751 40 206 123 239 
781 698 207 772 240 
781 1597 238 1703 280 
781 1382 228 1512 269 
781 282 219 369 273 
781 58 185 165 228 
781 749 283 851 344 
781 662 335 837 443 
781 508 175 629 231 
781 395 200 490 237 
781 1789 247 1895 290 
781 358 212 455 258 
781 1680 251 1783 291 
781 145 185 239 225 
781 789 184 841 214 
781 870 181 931 215 
781 1496 246 1619 282 
781 30 221 123 267 
781 982 434 1129 554 
781 1141 353 1232 436 
781 1313 193 1376 234 
781 349 223 390 265 
781 1259 225 1920 788 
781 979 230 1059 270 
781 1808 255 1914 299 
781 1142 350 1232 438 
781 1173 165 1217 196 
781 177 198 261 231 
781 967 183 1007 205 
811 64 181 159 227 
811 1385 223 1496 271 
811 594 200 677 231 
811 1153 349 1245 425 
811 1600 237 1683 279 
811 1788 246 1875 287 
811 1037 203 1096 246 
811 389 201 480 254 
811 787 183 839 215 
811 1666 252 1786 295 
811 1008 418 1151 529 
811 754 282 851 345 
811 177 197 259 232 
811 1495 247 1619 282 
811 286 213 362 271 
811 499 973 774 1073 
811 340 221 394 271 
811 314 215 384 271 
811 831 276 950 354 
811 1028 152 1066 184 
811 851 181 923 215 
811 832 275 952 357 
811 1023 148 1057 178 
811 1199 145 1236 178 
811 1762 820 1907 1054 
811 486 186 546 226 
811 1837 260 1917 302 
811 849 179 924 216 
811 284 210 363 272 
841 222 529 501 681 
841 756 657 994 873 
841 507 196 577 231 
841 1606 238 1690 282 
841 1386 230 1498 271 
841 1500 242 1621 283 
841 755 284 857 343 
841 1163 345 1265 419 
841 66 191 157 229 
841 779 180 840 216 
841 1786 250 1895 290 
841 1671 252 1789 294 
841 286 213 363 272 
841 848 182 906 219 
841 16 176 72 211 
841 379 220 451 259 
841 1027 404 1166 515 
841 349 224 388 268 
841 935 238 1028 305 
841 1766 820 1904 1064 
841 1186 138 1244 168 
841 359 202 466 244 
841 398 231 447 264 
841 351 221 419 265 
841 1280 234 1920 780 
841 235 194 285 222 
841 184 205 235 235 
841 1059 197 1119 224 
841 1250 193 1267 233 
841 934 240 1026 305 
841 1351 199 1426 238 
841 165 202 224 229 
841 1028 405 1163 518 
841 877 174 926 213 
841 352 166 468 241 
871 0 875 218 1073 
871 596 398 764 490 
871 0 697 211 872 
871 1391 228 1507 270 
871 1605 238 1693 284 
871 159 190 252 234 
871 1790 244 1892 290 
871 67 187 169 227 
871 1495 246 1620 284 
871 1041 392 1179 500 
871 897 547 1080 701 
871 1687 241 1789 283 
871 750 284 856 343 
871 1323 204 1392 235 
871 390 213 472 260 
871 1003 219 1068 265 
871 344 222 401 264 
871 416 201 497 232 
871 760 192 826 223 
871 34 497 337 660 
871 282 220 361 270 
871 878 176 914 204 
871 3 164 43 197 
871 1109 171 1150 202 
871 958 174 1000 196 
871 35 500 341 657 
871 1278 236 1920 754 
871 1219 132 1265 159 
871 253 164 302 212 
871 958 167 990 189 
871 1479 239 1593 272 
871 826 191 874 229 
901 405 475 630 591 
901 564 498 786 636 
901 782 324 899 392 
901 1384 223 1497 271 
901 70 183 166 227 
901 965 482 1124 616 
901 1792 245 1900 290 
901 1597 239 1692 279 
901 282 216 367 271 
901 750 280 856 341 
901 378 204 487 256 
901 1681 249 1785 291 
901 337 404 541 524 
901 177 194 255 233 
901 1044 199 1103 242 
901 1216 325 1336 399 
901 1489 247 1595 279 
901 871 179 914 206 
901 930 170 966 192 
901 1057 378 1184 489 
901 979 166 1021 199 
901 1 338 24 403 
901 1240 170 1263 241 
901 1055 380 1185 486 
901 331 213 411 260 
901 29 217 116 259 
901 727 219 803 254 
931 903 272 981 328 
931 863 348 983 429 
931 670 369 804 442 
931 1385 226 1497 271 
931 753 283 860 339 
931 982 466 1130 589 
931 1493 246 1617 280 
931 834 182 884 216 
931 1672 248 1788 292 
931 389 199 493 252 
931 558 803 886 1073 
931 1088 366 1208 458 
931 1601 238 1688 277 
931 1790 244 1876 290 
931 171 185 251 229 
931 281 215 362 270 
931 59 179 162 223 
931 124 644 557 914 
931 464 358 641 462 
931 1802 248 1903 293 
931 739 216 791 250 
931 2 317 30 387 
931 340 217 402 260 
931 1077 179 1127 216 
931 938 173 1003 203 
931 905 171 939 195 
931 463 360 642 461 
931 660 240 741 284 
931 1009 165 1066 198 
961 1119 347 1240 433 
961 1003 449 1146 568 
961 1493 247 1611 279 
961 1383 229 1493 269 
961 630 223 715 276 
961 281 219 358 272 
961 1787 245 1890 290 
961 832 300 922 357 
961 1005 281 1078 333 
961 1671 251 1786 293 
961 1596 239 1688 278 
961 758 282 861 345 
961 68 313 100 371 
961 390 204 494 253 
961 746 390 919 508 
961 982 235 1047 281 
961 742 670 979 871 
961 1101 166 1148 203 
961 483 264 614 339 
961 536 341 689 437 
961 601 183 684 213 
961 765 202 827 232 
961 66 190 161 228 
961 36 224 122 262 
961 220 198 299 232 
961 347 219 406 259 
961 388 213 471 257 
961 11 190 63 233 
961 315 219 382 266 
961 1304 203 1382 236 
961 160 195 208 224 
961 954 171 992 191 
961 860 172 920 207 
961 1244 188 1263 245 
961 1757 824 1904 1069 
991 828 617 1031 784 
991 1382 226 1493 271 
991 1604 238 1691 284 
991 951 289 1046 363 
991 165 343 379 441 
991 1787 247 1890 287 
991 755 280 854 343 
991 1040 418 1172 531 
991 387 208 477 252 
991 1078 236 1141 276 
991 63 186 159 231 
991 70 302 108 367 
991 444 268 561 331 
991 1491 247 1600 281 
991 174 192 257 231 
991 108 304 141 365 
991 559 231 635 275 
991 192 638 578 882 
991 936 261 999 297 
991 1675 249 1782 287 
991 830 176 875 213 
991 280 219 370 274 
991 1795 254 1907 293 
991 573 328 726 419 
991 29 219 127 262 
991 932 167 963 189 
991 1268 213 1920 794 
991 548 240 618 278 
991 715 211 803 265 
991 507 188 582 224 
991 15 204 62 236 
991 712 208 804 265 
991 344 219 404 261 
991 197 638 573 885 
991 1685 240 1767 271 
991 571 330 724 417 
991 500 855 865 1070 
1021 893 569 1073 712 
1021 776 381 923 490 
1021 1084 391 1212 487 
1021 1382 227 1497 269 
1021 76 349 261 439 
1021 565 802 911 1075 
1021 626 227 696 276 
1021 592 327 731 411 
1021 1073 241 1145 297 
1021 1668 251 1794 293 
1021 436 253 548 310 
1021 1609 237 1689 280 
1021 759 282 856 343 
1021 1787 246 1883 287 
1021 1774 823 1912 1055 
1021 1489 247 1597 281 
1021 392 218 456 258 
1021 138 288 180 358 
1021 747 199 810 229 
1021 1007 230 1060 263 
1021 521 278 631 334 
1021 108 292 143 362 
1021 411 199 488 238 
1021 286 218 367 274 
1021 905 173 946 196 
1021 1267 326 1351 394 
1021 797 175 842 202 
1021 1115 207 1171 244 
1021 283 216 369 275 
1021 345 219 409 261 
1021 37 224 132 262 
1021 543 207 562 248 
1021 985 165 1052 211 
1021 839 129 873 153 
1021 1268 235 1920 819 
1021 1802 255 1906 294 
1051 97 375 303 472 
1051 265 280 421 352 
1051 142 890 529 1070 
1051 952 514 1102 642 
1051 1787 246 1908 291 
1051 1491 245 1612 281 
1051 1385 229 1495 269 
1051 597 325 736 409 
1051 1138 201 1205 251 
1051 645 720 956 1036 
1051 65 186 162 229 
1051 1599 237 1695 282 
1051 481 259 590 319 
1051 1143 357 1272 442 
1051 975 279 1063 351 
1051 1669 252 1793 294 
1051 760 283 855 343 
1051 652 211 726 246 
1051 368 212 460 258 
1051 182 200 254 232 
1051 399 204 487 239 
1051 1048 206 1096 236 
1051 730 173 791 209 
1051 1779 827 1911 1063 
1051 372 205 473 247 
1051 281 215 367 271 
1051 878 172 924 205 
1051 558 202 576 241 
1051 1107 175 1150 207 
1051 148 283 174 348 
1051 877 171 920 204 
1051 986 171 1047 207 
1051 972 176 1031 209 
1081 43 324 245 413 
1081 223 306 387 397 
1081 803 481 964 597 
1081 1386 228 1500 271 
1081 517 231 611 285 
1081 1789 246 1894 290 
1081 1494 248 1614 284 
1081 825 182 881 217 
1081 386 206 482 253 
1081 65 190 161 230 
1081 1238 341 1346 411 
1081 1007 462 1144 565 
1081 758 283 854 345 
1081 768 646 1010 884 
1081 279 217 370 272 
1081 1059 232 1126 282 
1081 1318 207 1394 240 
1081 1607 239 1689 279 
1081 596 325 735 409 
1081 1695 241 1796 284 
1081 1052 181 1128 218 
1081 1191 187 1238 225 
1081 37 222 117 259 
1081 973 169 1037 210 
1081 1771 823 1907 1057 
1081 1274 229 1920 724 
1081 902 134 930 155 
1111 346 271 481 333 
1111 1026 329 1109 393 
1111 1384 228 1496 271 
1111 65 188 166 230 
1111 1061 410 1182 499 
1111 741 200 818 243 
1111 166 189 245 231 
1111 1119 202 1175 244 
1111 283 217 382 274 
1111 388 202 490 252 
1111 922 172 968 204 
1111 1785 246 1879 288 
1111 885 554 1079 735 
1111 1490 248 1601 282 
1111 1666 253 1787 295 
1111 757 282 854 345 
1111 972 173 1034 213 
1111 596 324 735 409 
1111 1600 240 1700 281 
1111 1315 208 1389 236 
1111 32 220 122 260 
1111 834 134 868 159 
1111 0 371 23 444 
1111 1774 835 1907 1057 
1111 1829 258 1917 300 
1111 241 285 261 332 
1111 824 142 852 166 
1111 596 324 736 412 
1141 157 311 323 382 
1141 632 224 726 272 
1141 597 324 735 410 
1141 1383 227 1496 271 
1141 548 488 872 744 
1141 975 475 1129 612 
1141 1129 378 1234 448 
1141 71 182 162 228 
1141 471 183 539 225 
1141 386 203 487 255 
1141 758 284 854 345 
1141 1494 249 1594 285 
1141 1131 264 1187 305 
1141 1842 251 1914 302 
1141 596 199 612 233 
1141 1668 252 1795 293 
1141 1313 207 1387 237 
1141 1780 252 1868 288 
1141 856 184 919 224 
1141 282 214 368 275 
1141 1582 244 1660 284 
1141 290 217 378 272 
1141 1607 246 1696 284 
1141 347 221 392 266 
1141 836 135 866 158 
1171 1048 416 1180 533 
1171 0 350 151 435 
1171 598 324 736 409 
1171 1384 226 1495 270 
1171 1189 352 1262 416 
1171 456 254 577 326 
1171 373 207 480 254 
1171 1499 244 1609 282 
1171 1781 245 1886 292 
1171 62 192 156 230 
1171 1171 219 1229 254 
1171 759 283 856 342 
1171 180 198 262 231 
1171 1575 239 1687 284 
1171 771 214 841 253 
1171 1655 253 1807 295 
1171 1313 206 1384 237 
1171 284 216 381 269 
1171 33 222 122 264 
1171 919 319 1079 441 
1171 1179 164 1226 190 
1171 832 180 882 213 
1171 981 180 1040 212 
1171 8 181 58 218 
1171 918 173 958 199 
1171 291 265 314 317 
1171 1777 828 1909 1069 
1171 1292 227 1918 827 
1171 611 200 628 235 
1201 123 328 321 425 
1201 593 321 734 410 
1201 1386 227 1496 271 
1201 630 243 723 299 
1201 71 191 167 230 
1201 1496 243 1607 283 
1201 385 206 481 252 
1201 1678 250 1842 295 
1201 753 282 854 344 
1201 1085 380 1205 478 
1201 1267 338 1341 396 
1201 1315 208 1388 236 
1201 181 199 249 232 
1201 281 211 376 266 
1201 1596 239 1692 285 
1201 984 171 1067 213 
1201 32 220 121 262 
1201 1083 248 1171 315 
1201 1766 247 1878 290 
1201 759 199 821 237 
1201 623 198 640 234 
1201 1287 227 1911 796 
1201 1221 338 1333 396 
1201 317 260 344 308 
1201 1081 247 1173 317 
1201 833 132 866 158 
1201 1776 824 1909 1061 
1201 285 215 381 263 
1201 334 216 407 261 
1201 1203 142 1240 171 
1201 306 266 327 313 
1201 1798 251 1896 290 
1231 0 534 305 688 
1231 351 305 515 384 
1231 1383 226 1495 271 
1231 65 188 163 229 
1231 1131 350 1244 432 
1231 1149 205 1214 255 
1231 756 282 855 344 
1231 391 203 487 245 
1231 1493 244 1601 284 
1231 1581 237 1686 284 
1231 1677 247 1846 293 
1231 1765 830 1905 1063 
1231 176 197 254 233 
1231 796 196 858 226 
1231 343 224 391 265 
1231 657 222 732 264 
1231 377 212 470 256 
1231 593 325 719 411 
1231 833 132 866 157 
1231 1825 254 1920 297 
1231 32 222 122 263 
1231 230 188 267 219 
1231 946 161 988 187 
1231 990 168 1061 209 
1231 1755 246 1877 289 
1231 964 166 1002 194 
1231 597 325 715 409 
1231 222 196 269 228 
1231 277 213 361 264 
1231 969 168 1034 205 
1231 316 233 349 308 
1231 348 219 411 261 
1261 0 446 62 527 
1261 181 474 440 613 
1261 1384 224 1506 270 
1261 1194 179 1249 223 
1261 381 208 483 252 
1261 1190 329 1314 408 
1261 1493 242 1597 279 
1261 234 934 634 1069 
1261 755 282 855 345 
1261 63 189 162 230 
1261 1677 253 1811 294 
1261 179 201 259 234 
1261 1833 255 1918 298 
1261 1574 234 1661 282 
1261 489 248 604 311 
1261 1596 234 1685 282 
1261 715 215 788 248 
1261 871 184 932 220 
1261 646 194 662 230 
1261 971 179 1038 212 
1261 27 223 127 268 
1261 303 250 326 302 
1261 595 324 724 408 
1261 1764 830 1907 1063 
1261 592 324 726 411 
1261 1216 119 1273 151 
1261 987 174 1051 211 
1261 279 214 374 265 
1261 1301 199 1367 231 
1261 1756 245 1878 288 
1261 322 235 352 303 
1261 488 247 605 312 
1261 871 182 933 221 
1291 271 445 504 569 
1291 595 235 690 281 
1291 739 621 962 789 
1291 1384 227 1499 271 
1291 1492 244 1598 283 
1291 596 326 733 410 
1291 391 202 489 246 
1291 64 190 159 230 
1291 1680 252 1809 294 
1291 1258 320 1349 391 
1291 178 198 260 234 
1291 753 282 853 345 
1291 825 185 875 218 
1291 1594 237 1691 285 
1291 31 223 121 263 
1291 376 212 468 255 
1291 184 309 377 400 
1291 1220 166 1268 213 
1291 1821 254 1916 296 
1291 283 215 377 273 
1291 1231 173 1274 219 
1291 13 194 66 234 
1291 1770 247 1884 289 
1291 969 180 1036 212 
1291 736 220 818 269 
1291 284 213 374 276 
1291 906 142 942 177 
1291 324 237 355 304 
1291 1775 823 1909 1066 
1291 1305 199 1338 227 
1291 186 311 377 402 
1321 1383 228 1499 271 
1321 593 324 729 409 
1321 1671 246 1817 293 
1321 1496 241 1624 283 
1321 721 209 797 245 
1321 413 285 513 345 
1321 390 200 489 248 
1321 65 190 161 230 
1321 471 280 609 355 
1321 315 429 533 551 
1321 175 198 267 236 
1321 1604 237 1692 281 
1321 30 221 126 261 
1321 751 285 851 345 
1321 976 172 1073 215 
1321 281 214 375 272 
1321 848 150 913 189 
1321 449 928 762 1077 
1321 944 482 1092 594 
1321 1784 246 1882 288 
1321 1774 821 1908 1062 
1321 1802 252 1910 293 
1321 284 216 377 272 
1321 942 480 1095 593 
1321 356 239 382 299 
1321 665 193 677 222 
1321 751 284 850 346 
1351 139 661 503 901 
1351 82 356 263 440 
1351 0 423 100 533 
1351 1386 231 1496 272 
1351 747 292 842 349 
1351 597 226 686 279 
1351 1686 241 1802 288 
1351 389 199 486 243 
1351 65 190 161 229 
1351 1487 235 1594 275 
1351 1782 245 1876 290 
1351 327 425 539 539 
1351 1840 252 1918 300 
1351 1609 240 1695 284 
1351 173 198 261 235 
1351 281 217 381 275 
1351 1286 585 1317 673 
1351 1031 410 1162 505 
1351 594 324 731 409 
1351 773 620 991 797 
1351 1772 826 1906 1063 
1351 809 147 901 196 
1351 1348 213 1403 238 
1351 1219 110 1269 135 
1351 592 324 733 412 
1351 404 244 429 293 
1351 776 622 990 804 
1351 279 215 376 276 
1381 569 493 775 617 
1381 1388 229 1501 269 
1381 339 422 550 536 
1381 747 291 842 349 
1381 1094 378 1208 456 
1381 63 189 163 228 
1381 1798 250 1901 294 
1381 1279 596 1318 701 
1381 1486 243 1600 279 
1381 282 218 364 275 
1381 1782 248 1874 289 
1381 174 198 262 232 
1381 594 322 729 411 
1381 1772 830 1904 1065 
1381 925 172 969 204 
1381 928 498 1086 618 
1381 30 223 122 262 
1381 1653 244 1777 284 
1381 382 204 486 253 
1381 1841 253 1919 300 
1381 1597 240 1668 282 
1381 1316 212 1391 236 
1381 981 176 1053 213 
1381 383 265 508 342 
1381 1666 253 1799 289 
1381 1663 239 1769 272 
1381 1031 155 1077 184 
1381 1028 147 1077 175 
1381 383 259 510 344 
1411 2 360 201 461 
1411 759 400 902 499 
1411 1386 227 1511 271 
1411 1162 354 1265 423 
1411 348 418 558 531 
1411 750 290 843 348 
1411 384 200 507 255 
1411 63 190 167 229 
1411 283 217 378 274 
1411 1011 431 1139 533 
1411 1780 245 1874 289 
1411 1490 248 1595 283 
1411 170 198 262 234 
1411 1692 252 1804 291 
1411 1773 827 1907 1058 
1411 595 322 731 412 
1411 1846 249 1920 297 
1411 1280 636 1323 731 
1411 1603 241 1698 283 
1411 849 191 914 223 
1411 27 223 125 263 
1411 949 174 1001 210 
1411 1305 206 1340 231 
1411 965 180 1022 214 
1411 1269 226 1920 784 
1411 990 180 1046 216 
1441 358 419 561 531 
1441 853 352 970 435 
1441 1382 224 1496 271 
1441 1275 657 1326 762 
1441 1780 242 1908 293 
1441 1266 332 1346 397 
1441 1573 232 1689 283 
1441 748 288 841 345 
1441 66 189 160 229 
1441 1683 253 1801 294 
1441 388 201 488 255 
1441 283 217 378 275 
1441 178 198 260 234 
1441 1071 389 1180 472 
1441 1491 247 1602 281 
1441 1771 823 1906 1060 
1441 22 221 122 264 
1441 598 325 730 410 
1441 774 207 846 251 
1441 1030 155 1079 185 
1441 968 183 1034 223 
1441 1247 194 1263 235 
1441 482 222 503 267 
1441 496 222 512 261 
1441 912 181 952 211 
1441 852 196 892 233 
1441 773 200 851 250 
1471 356 418 558 531 
1471 740 290 841 349 
1471 1387 230 1497 270 
1471 902 324 1008 396 
1471 1324 209 1410 239 
1471 1493 236 1625 283 
1471 280 218 377 276 
1471 1119 352 1228 431 
1471 64 190 162 230 
1471 1681 252 1804 292 
1471 640 225 753 291 
1471 1018 200 1077 242 
1471 170 197 263 233 
1471 367 213 468 258 
1471 912 197 960 228 
1471 598 326 716 408 
1471 1270 701 1308 797 
1471 1599 237 1687 282 
1471 391 204 491 243 
1471 1764 826 1907 1067 
1471 1774 244 1872 288 
1471 25 224 116 259 
1471 965 185 999 210 
1471 0 795 40 904 
1471 992 171 1020 198 
1471 1032 160 1076 192 
1471 1827 252 1920 297 
1471 903 134 931 155 
1471 1000 173 1028 201 
1471 1243 189 1261 239 
1501 349 419 556 527 
1501 248 528 519 673 
1501 1382 230 1497 270 
1501 931 312 1031 377 
1501 741 290 841 349 
1501 61 189 165 231 
1501 592 323 724 409 
1501 1268 734 1322 853 
1501 425 263 606 363 
1501 1683 237 1797 287 
1501 168 197 261 234 
1501 680 222 745 259 
1501 380 209 482 253 
1501 280 220 377 275 
1501 1085 214 1170 262 
1501 1783 244 1878 290 
1501 735 144 851 207 
1501 1601 238 1686 285 
1501 1839 254 1918 301 
1501 1485 243 1598 283 
1501 1766 838 1905 1062 
1501 1293 197 1340 231 
1501 394 203 493 241 
1501 20 220 126 263 
1501 592 238 673 320 
1501 1029 156 1074 194 
1501 987 175 1027 199 
1501 1800 246 1902 293 
1501 1293 271 1913 670 
1501 922 192 979 241 
1531 349 418 550 533 
1531 533 423 720 525 
1531 20 352 325 496 
1531 1383 222 1499 271 
1531 62 190 170 232 
1531 745 291 844 349 
1531 939 310 1034 372 
1531 597 324 719 407 
1531 1267 787 1323 915 
1531 282 219 384 274 
1531 1684 250 1797 292 
1531 1780 245 1876 289 
1531 1794 250 1902 294 
1531 383 209 474 253 
1531 1488 249 1596 283 
1531 979 222 1051 258 
1531 171 198 257 234 
1531 1598 239 1692 285 
1531 310 295 462 403 
1531 428 276 531 330 
1531 1841 256 1917 301 
1531 743 152 836 213 
1531 836 130 869 157 
1531 1258 240 1339 283 
1531 22 219 122 263 
1531 909 137 941 154 
1531 1773 832 1909 1068 
1531 580 202 600 242 
1531 1284 222 1918 752 
1531 892 191 950 224 
1531 966 182 996 210 
1531 903 137 933 155 
1531 558 206 576 242 
1561 0 730 447 1036 
1561 350 418 556 532 
1561 677 360 827 446 
1561 941 308 1034 370 
1561 1080 240 1192 286 
1561 1834 248 1919 297 
1561 741 288 844 345 
1561 1344 210 1419 248 
1561 61 191 164 231 
1561 1678 253 1801 295 
1561 1392 234 1507 274 
1561 378 208 484 252 
1561 5 388 102 447 
1561 279 220 370 276 
1561 174 198 257 233 
1561 781 213 847 248 
1561 1781 247 1871 290 
1561 1609 239 1694 285 
1561 593 325 727 416 
1561 596 203 614 240 
1561 1518 245 1605 280 
1561 603 202 620 239 
1561 1246 839 1308 971 
1561 1024 164 1077 198 
1561 610 202 627 238 
1561 1773 825 1907 1063 
1561 1280 332 1304 386 
1561 18 222 121 262 
1561 902 134 933 156 
1561 834 134 867 158 
1561 948 205 1016 239 
1561 939 200 1004 235 
1561 1238 186 1259 242 
1591 492 522 736 686 
1591 355 419 552 531 
1591 1261 262 1379 316 
1591 939 308 1035 372 
1591 1381 232 1498 273 
1591 152 961 503 1073 
1591 751 332 875 403 
1591 1052 231 1148 276 
1591 63 189 168 232 
1591 379 208 482 254 
1591 1486 249 1599 287 
1591 281 220 373 274 
1591 736 289 849 348 
1591 168 196 263 237 
1591 1600 237 1688 283 
1591 589 326 720 410 
1591 642 246 730 294 
1591 1230 901 1300 1041 
1591 1763 821 1907 1065 
1591 1766 250 1870 285 
1591 627 192 651 236 
1591 827 137 858 164 
1591 934 199 988 240 
1591 1297 206 1352 233 
1591 830 134 865 159 
1591 19 221 129 265 
1591 1684 256 1781 290 
1591 1003 170 1055 215 
1591 1004 174 1054 213 
1591 1098 82 1110 111 
1621 354 418 559 530 
1621 620 590 867 766 
1621 1383 230 1496 273 
1621 686 435 860 552 
1621 5 979 90 1075 
1621 789 321 900 386 
1621 1255 256 1347 301 
1621 940 308 1034 373 
1621 61 189 161 231 
1621 281 221 373 275 
1621 1487 248 1595 284 
1621 383 208 484 253 
1621 1208 981 1298 1075 
1621 1674 255 1790 291 
1621 1762 824 1904 1055 
1621 1791 251 1896 294 
1621 182 199 257 233 
1621 385 315 519 379 
1621 1779 249 1872 290 
1621 551 144 670 223 
1621 985 219 1042 263 
1621 17 221 125 266 
1621 743 290 847 349 
1621 590 329 723 411 
1621 826 138 857 164 
1621 1601 243 1670 283 
1621 931 203 970 229 
1621 1648 244 1774 286 
1621 1850 258 1918 305 
1621 660 150 687 230 
1621 830 134 864 160 
1621 1038 175 1078 206 
1621 594 326 727 411 
1621 936 135 975 164 
1621 745 291 852 353 
1621 1242 195 1261 241 
1651 153 681 497 903 
1651 1 434 124 522 
1651 352 419 559 530 
1651 1075 238 1172 287 
1651 778 390 917 489 
1651 864 456 1002 563 
1651 1383 230 1496 272 
1651 63 190 162 232 
1651 941 309 1036 371 
1651 1683 254 1804 295 
1651 808 306 917 367 
1651 379 208 478 256 
1651 19 211 130 269 
1651 177 198 258 233 
1651 282 220 372 275 
1651 1319 205 1390 238 
1651 387 198 492 240 
1651 1795 251 1901 292 
1651 1783 247 1875 289 
1651 746 292 834 351 
1651 1497 250 1595 283 
1651 395 173 510 229 
1651 599 328 714 409 
1651 1590 238 1660 284 
1651 1778 825 1907 1064 
1651 511 155 605 219 
1651 1288 304 1306 362 
1651 673 189 690 227 
1651 664 188 684 228 
1651 1844 258 1919 301 
1651 8 187 72 230 
1651 1619 239 1693 281 
1651 1023 195 1111 244 
1651 933 216 996 248 
1651 832 132 865 159 
1651 904 138 941 173 
1651 1023 199 1109 242 
1651 963 174 1026 212 
1681 3 487 247 623 
1681 466 539 697 687 
1681 353 420 553 531 
1681 1377 230 1501 272 
1681 365 207 481 256 
1681 823 363 952 456 
1681 938 308 1035 368 
1681 64 190 175 239 
1681 21 216 128 269 
1681 1681 252 1798 294 
1681 820 304 924 364 
1681 1602 238 1694 286 
1681 1261 263 1382 315 
1681 280 221 372 275 
1681 1783 246 1875 290 
1681 745 292 834 350 
1681 1287 290 1306 359 
1681 1492 237 1595 278 
1681 1832 247 1920 295 
1681 408 162 513 227 
1681 1766 826 1906 1063 
1681 598 327 714 409 
1681 1113 218 1246 275 
1681 999 234 1090 275 
1681 958 379 1073 467 
1681 189 200 254 232 
1681 1280 290 1302 360 
1681 860 145 906 185 
1681 1108 218 1241 277 
1681 860 141 905 186 
1681 930 181 988 219 
1681 991 177 1054 225 
1681 994 181 1052 224 
1711 601 483 791 600 
1711 351 413 559 530 
1711 1012 348 1109 422 
1711 309 379 475 469 
1711 1291 237 1394 290 
1711 715 616 1033 934 
1711 361 212 459 256 
1711 1140 256 1250 298 
1711 844 355 964 437 
1711 939 307 1038 372 
1711 63 190 176 235 
1711 1051 198 1137 235 
1711 284 218 383 272 
1711 744 292 835 350 
1711 163 197 272 236 
1711 1681 254 1806 293 
1711 918 195 970 232 
1711 1605 239 1689 284 
1711 1762 829 1907 1061 
1711 1779 242 1874 290 
1711 354 202 472 249 
1711 29 221 113 265 
1711 1490 250 1592 284 
1711 1396 226 1493 272 
1711 868 197 909 226 
1711 342 143 460 229 
1711 828 301 933 361 
1711 976 174 1036 217 
1711 593 323 724 411 
1711 1720 247 1853 292 
1711 820 138 875 192 
1711 595 326 721 409 
1711 402 204 487 241 
1711 1363 233 1488 277 
1711 820 142 875 191 
1711 1280 294 1297 354 
1711 828 300 937 363 
1711 1244 200 1260 233 
1741 357 417 562 530 
1741 1383 230 1497 271 
1741 674 447 841 549 
1741 1043 331 1126 396 
1741 280 219 369 276 
1741 360 214 462 260 
1741 63 191 160 229 
1741 958 461 1146 637 
1741 1689 238 1803 291 
1741 391 203 492 241 
1741 1792 248 1897 294 
1741 744 289 836 350 
1741 1141 198 1204 234 
1741 1010 177 1088 229 
1741 844 350 971 434 
1741 937 308 1041 373 
1741 828 301 936 356 
1741 27 223 122 266 
1741 487 332 612 398 
1741 937 144 970 173 
1741 1232 277 1252 339 
1741 1762 831 1912 1066 
1741 1268 281 1288 349 
1741 1838 256 1920 301 
1741 779 161 836 199 
1741 940 205 1012 247 
1741 637 328 724 389 
1741 1484 248 1579 274 
1741 1620 253 1697 291 
1741 596 331 697 410 
1741 539 332 688 409 
1741 590 329 701 411 
1741 548 332 684 406 
1741 166 199 224 230 
1741 709 227 786 277 
1771 359 420 557 530 
1771 709 432 861 531 
1771 1393 230 1502 271 
1771 1016 219 1119 271 
1771 281 220 370 276 
1771 944 308 1043 370 
1771 61 190 164 231 
1771 1763 828 1910 1060 
1771 1802 249 1901 298 
1771 1487 247 1601 280 
1771 1046 386 1201 513 
1771 368 207 485 254 
1771 1045 319 1129 382 
1771 1684 251 1801 292 
1771 743 292 836 351 
1771 846 352 970 434 
1771 412 304 542 367 
1771 1782 248 1879 290 
1771 177 190 255 233 
1771 1838 251 1918 305 
1771 829 301 933 358 
1771 1214 286 1236 347 
1771 885 155 924 186 
1771 21 220 122 263 
1771 718 164 799 215 
1771 178 163 315 236 
1771 593 312 720 406 
1771 918 200 964 232 
1771 1604 240 1693 286 
1771 1078 143 1259 232 
1771 1233 281 1252 339 
1771 1084 169 1242 230 
1771 1254 281 1275 344 
1771 592 310 725 409 
1771 717 164 799 215 
