1 491 621 587 714 
1 1397 773 1492 856 
1 1205 736 1361 878 
1 1586 787 1729 896 
1 1141 564 1218 629 
1 1277 616 1334 658 
1 765 605 809 649 
1 628 585 671 624 
1 685 563 727 604 
1 1245 589 1288 627 
1 1047 556 1080 593 
31 1066 781 1152 854 
31 1278 849 1396 942 
31 1392 673 1484 744 
31 326 684 459 817 
31 1527 786 1625 849 
31 1260 665 1327 721 
31 696 689 763 750 
31 1385 803 1490 877 
31 1130 629 1223 725 
31 571 626 623 668 
31 1094 540 1151 587 
31 634 587 682 634 
31 1202 573 1248 610 
31 732 534 774 575 
61 504 884 627 989 
61 1567 796 1689 885 
61 1078 795 1168 868 
61 480 684 545 738 
61 1024 659 1082 709 
61 1156 698 1228 758 
61 1362 672 1429 725 
61 0 816 228 1029 
61 1248 678 1316 729 
61 1286 608 1348 658 
61 1186 606 1239 652 
61 1080 573 1152 650 
61 558 634 618 690 
61 718 563 762 608 
61 658 573 697 610 
61 585 624 632 663 
91 301 777 402 859 
91 1071 764 1153 830 
91 1389 681 1467 741 
91 432 701 511 769 
91 673 599 732 655 
91 516 664 583 717 
91 1030 661 1087 711 
91 1266 611 1318 651 
91 1099 622 1150 667 
91 1174 613 1220 655 
91 995 594 1042 635 
91 600 611 648 653 
91 1217 568 1261 608 
91 1053 540 1108 603 
91 1131 567 1178 606 
121 215 803 334 908 
121 1101 834 1196 913 
121 374 739 466 806 
121 586 654 672 731 
121 1282 614 1340 663 
121 1361 928 1519 1045 
121 1 971 71 1045 
121 1031 650 1082 695 
121 521 659 584 710 
121 1568 844 1859 1062 
121 999 594 1038 632 
121 545 572 588 613 
121 1198 572 1241 607 
121 608 576 659 627 
121 1119 573 1159 606 
121 1061 579 1099 614 
151 111 870 252 971 
151 1490 860 1627 957 
151 1345 695 1495 841 
151 1201 730 1284 807 
151 1141 964 1302 1047 
151 407 726 550 873 
151 1212 575 1261 615 
151 1038 677 1100 726 
151 1399 992 1548 1051 
151 557 603 627 671 
151 481 608 536 657 
151 777 578 817 618 
151 390 729 458 799 
151 636 570 682 611 
151 1002 585 1038 620 
181 1550 790 1657 861 
181 1211 757 1299 830 
181 1621 985 1802 1048 
181 1051 728 1136 810 
181 102 864 259 971 
181 1313 716 1394 777 
181 1235 615 1343 718 
181 462 654 564 738 
181 1124 642 1183 697 
181 385 653 461 715 
181 738 638 789 687 
181 1003 600 1049 640 
181 590 596 645 650 
181 503 614 551 649 
181 1157 548 1195 582 
181 37 927 247 1029 
211 1071 822 1161 898 
211 1232 778 1321 850 
211 1367 768 1469 852 
211 642 753 724 821 
211 1374 676 1442 725 
211 258 734 425 852 
211 1016 630 1073 686 
211 400 663 472 709 
211 1170 573 1251 642 
211 518 635 589 706 
211 1124 656 1186 705 
211 1218 637 1277 689 
211 1079 589 1128 634 
211 1642 1006 1801 1050 
211 243 732 320 801 
211 591 575 630 611 
211 672 558 711 592 
241 1385 783 1480 853 
241 1086 812 1182 890 
241 395 678 493 788 
241 226 739 323 805 
241 1355 956 1517 1045 
241 1599 939 1762 1045 
241 1254 674 1320 727 
241 1139 664 1199 712 
241 1028 679 1088 727 
241 510 612 562 654 
241 0 852 196 1056 
241 994 575 1038 617 
241 1270 612 1318 653 
241 615 595 660 632 
241 1082 599 1126 641 
241 862 570 896 605 
241 1160 595 1207 635 
241 682 566 716 602 
241 795 568 828 603 
271 5 860 86 953 
271 1366 751 1458 823 
271 163 817 318 943 
271 1602 838 1735 933 
271 1199 747 1284 809 
271 1262 675 1327 727 
271 527 644 589 689 
271 1160 983 1317 1048 
271 408 661 470 711 
271 1036 671 1093 726 
271 213 759 310 820 
271 845 623 896 667 
271 762 622 814 669 
271 1186 610 1236 656 
271 603 596 664 642 
271 1005 606 1051 648 
271 1088 602 1131 643 
271 710 578 755 616 
271 972 542 1012 579 
271 856 547 898 592 
301 1399 688 1479 749 
301 1074 745 1157 821 
301 235 740 328 803 
301 383 722 468 787 
301 804 709 879 785 
301 682 717 756 781 
301 1253 658 1313 712 
301 515 655 584 714 
301 742 649 803 695 
301 1128 649 1187 699 
301 1194 612 1251 657 
301 655 637 707 680 
301 1014 605 1057 643 
301 600 611 649 652 
301 848 595 901 659 
301 503 609 549 646 
301 784 536 832 584 
301 1136 568 1176 606 
301 631 582 677 620 
301 567 577 603 613 
331 1109 872 1229 970 
331 1446 835 1580 930 
331 529 728 609 790 
331 697 919 831 1047 
331 338 742 447 825 
331 456 947 595 1047 
331 1288 614 1343 660 
331 629 769 722 837 
331 74 874 225 985 
331 811 714 878 774 
331 1031 643 1089 697 
331 835 627 906 697 
331 1737 933 1916 1053 
331 404 660 470 710 
331 515 666 576 715 
331 765 561 829 630 
331 576 616 629 665 
331 0 876 54 966 
331 1085 595 1127 635 
331 1183 604 1231 645 
331 499 606 550 646 
331 1154 580 1193 617 
331 990 560 1027 596 
331 734 548 773 588 
361 1479 732 1591 823 
361 694 927 822 1041 
361 0 908 143 1042 
361 215 937 372 1044 
361 356 751 452 819 
361 1042 704 1110 759 
361 772 725 876 855 
361 1288 702 1375 765 
361 466 676 543 739 
361 228 740 322 803 
361 403 652 472 708 
361 1216 570 1260 608 
361 707 598 802 705 
361 1005 583 1054 626 
361 1140 568 1177 605 
361 722 568 767 609 
361 646 563 685 597 
361 793 551 827 586 
391 1721 895 1854 991 
391 1338 639 1414 703 
391 24 918 182 1030 
391 1203 628 1266 679 
391 270 773 385 866 
391 226 733 321 801 
391 604 691 737 853 
391 622 996 784 1045 
391 1014 620 1061 664 
391 779 591 821 635 
391 687 601 741 653 
391 0 874 48 963 
391 718 689 770 742 
391 613 592 661 637 
391 1155 540 1194 575 
391 982 547 1019 584 
391 629 657 691 707 
421 1451 724 1533 784 
421 505 737 592 803 
421 1308 888 1430 979 
421 1666 853 1791 938 
421 560 839 671 939 
421 1565 960 1718 1044 
421 1252 582 1306 631 
421 608 653 681 724 
421 293 895 537 1048 
421 730 653 789 712 
421 1150 583 1197 625 
421 991 573 1031 607 
421 555 631 608 679 
421 0 866 47 962 
421 610 586 657 626 
421 543 588 577 620 
451 1128 928 1251 1032 
451 1278 851 1393 934 
451 606 770 705 854 
451 225 907 364 1021 
451 460 752 565 849 
451 1173 714 1244 771 
451 1529 895 1671 985 
451 1345 764 1434 825 
451 1432 709 1510 764 
451 463 692 533 743 
451 1315 638 1377 686 
451 553 632 608 683 
451 1183 550 1228 587 
451 1105 553 1145 590 
451 471 625 524 669 
451 540 581 593 626 
451 849 540 892 579 
451 969 545 1001 573 
451 731 548 766 579 
481 292 789 397 870 
481 1230 799 1330 882 
481 1503 879 1634 979 
481 104 966 305 1049 
481 1334 731 1414 791 
481 1051 707 1118 764 
481 347 687 420 740 
481 450 691 528 752 
481 445 625 521 680 
481 1164 700 1231 753 
481 846 569 900 628 
481 1102 632 1157 673 
481 1241 666 1301 715 
481 1840 997 1919 1044 
481 1310 630 1366 672 
481 712 584 749 620 
481 1233 590 1278 628 
481 610 546 649 582 
511 1261 831 1389 933 
511 258 792 372 878 
511 1447 841 1565 919 
511 828 624 897 704 
511 1479 759 1586 824 
511 125 782 236 861 
511 1327 728 1408 792 
511 290 691 397 764 
511 1137 673 1203 731 
511 0 978 101 1049 
511 1231 649 1289 693 
511 652 637 705 685 
511 1024 619 1064 656 
511 1104 621 1155 663 
511 1181 607 1227 645 
511 788 560 828 598 
511 577 564 622 608 
511 1235 584 1277 618 
511 1064 580 1100 615 
541 1639 840 1783 938 
541 1396 800 1489 867 
541 527 736 609 801 
541 764 737 875 867 
541 0 815 151 936 
541 1153 687 1233 753 
541 1230 645 1286 696 
541 1299 710 1370 766 
541 1323 650 1390 697 
541 762 593 813 639 
541 516 594 575 646 
541 1087 609 1130 652 
541 596 609 647 651 
541 641 577 685 619 
541 865 587 899 621 
541 1166 603 1214 638 
541 995 566 1031 599 
571 1420 699 1503 762 
571 203 959 363 1048 
571 1266 690 1331 740 
571 712 643 779 706 
571 499 667 564 720 
571 422 634 500 700 
571 842 648 896 692 
571 579 617 633 664 
571 1099 613 1152 661 
571 1210 642 1264 684 
571 1240 595 1284 631 
571 1173 592 1215 632 
571 705 579 747 619 
571 861 570 894 601 
571 1048 564 1086 603 
601 608 733 710 824 
601 783 767 866 838 
601 470 682 549 742 
601 310 765 410 838 
601 1302 625 1363 671 
601 266 698 365 788 
601 644 629 701 681 
601 855 619 898 662 
601 1192 629 1241 667 
601 507 615 558 653 
601 1063 567 1104 605 
601 1140 589 1180 626 
631 1489 761 1579 823 
631 1094 793 1198 895 
631 258 788 380 879 
631 524 716 605 792 
631 362 929 545 1049 
631 0 815 120 943 
631 814 714 880 773 
631 398 669 461 720 
631 4 977 92 1045 
631 1226 579 1278 618 
631 642 582 685 621 
631 1145 582 1187 620 
631 520 604 564 642 
631 800 541 836 576 
661 1322 894 1451 995 
661 193 764 292 830 
661 691 934 817 1049 
661 1627 977 1807 1043 
661 218 919 375 1043 
661 418 647 484 695 
661 1044 661 1110 718 
661 574 625 628 669 
661 1314 644 1369 687 
661 781 569 832 615 
661 703 584 743 620 
661 1171 551 1209 584 
661 605 559 640 594 
661 1104 559 1135 587 
691 1296 871 1421 957 
691 1182 719 1259 778 
691 1354 744 1446 820 
691 249 726 337 783 
691 457 698 534 755 
691 745 613 807 675 
691 647 629 700 673 
691 548 585 595 628 
691 1022 590 1068 633 
691 1218 585 1264 619 
691 642 561 686 604 
721 547 711 627 771 
721 220 829 346 923 
721 676 689 767 779 
721 1170 707 1246 763 
721 0 853 65 951 
721 1230 643 1291 694 
721 1117 634 1172 680 
721 465 629 522 679 
721 603 591 653 641 
721 814 570 850 601 
721 659 568 698 607 
721 732 564 772 599 
751 317 871 446 977 
751 320 695 406 760 
751 1132 928 1247 1026 
751 488 838 648 1011 
751 516 637 587 705 
751 594 611 651 657 
751 1109 627 1160 669 
751 781 615 826 656 
751 1159 588 1211 629 
751 697 602 744 641 
751 1069 580 1111 619 
751 634 569 672 608 
781 1556 924 1735 1039 
781 53 816 183 907 
781 1234 786 1325 858 
781 1050 708 1111 758 
781 1567 805 1682 879 
781 501 667 571 726 
781 364 714 471 804 
781 715 695 779 754 
781 632 656 692 702 
781 576 603 634 655 
781 776 583 818 626 
781 703 582 741 619 
781 1068 580 1105 616 
811 313 768 425 856 
811 557 865 666 958 
811 1588 921 1734 1016 
811 471 672 544 737 
811 34 857 217 1028 
811 496 760 589 827 
811 1332 735 1429 804 
811 1139 665 1195 713 
811 1376 684 1448 734 
811 740 635 797 685 
811 1012 614 1057 653 
811 652 636 701 678 
811 700 575 749 627 
841 1387 729 1462 792 
841 662 708 744 781 
841 254 779 362 877 
841 1236 788 1328 859 
841 554 710 631 770 
841 5 976 90 1047 
841 1221 642 1287 693 
841 164 985 340 1047 
841 1089 601 1134 637 
841 640 624 715 687 
841 764 605 812 655 
841 1275 617 1324 654 
841 561 583 605 621 
841 657 577 695 607 
871 329 859 456 964 
871 1271 829 1386 921 
871 483 855 625 990 
871 1076 806 1176 893 
871 523 697 636 787 
871 1533 785 1637 854 
871 712 667 775 726 
871 1135 661 1193 709 
871 1284 642 1340 685 
871 479 624 534 666 
871 584 625 634 663 
871 780 581 820 620 
871 1162 586 1216 629 
871 551 576 604 617 
871 613 553 652 590 
871 853 568 886 598 
871 1062 562 1095 592 
901 595 780 694 872 
901 449 704 521 760 
901 1632 984 1825 1051 
901 248 854 465 999 
901 1348 662 1411 706 
901 1150 679 1220 738 
901 333 697 408 751 
901 1029 657 1094 717 
901 748 630 801 679 
901 850 609 894 647 
901 476 619 534 665 
901 543 579 596 629 
901 1220 589 1265 624 
901 1082 596 1124 634 
901 657 581 699 617 
901 777 573 819 612 
931 1336 951 1487 1043 
931 666 721 743 784 
931 1342 735 1428 806 
931 338 682 419 743 
931 132 861 258 962 
931 42 833 157 907 
931 824 693 885 746 
931 447 625 524 688 
931 1246 596 1293 633 
931 577 627 632 671 
931 1003 592 1047 632 
931 740 630 788 672 
931 1585 957 1807 1046 
931 1094 606 1138 648 
931 854 577 895 609 
931 1554 743 1865 955 
931 787 574 822 607 
931 535 597 580 637 
961 726 874 833 975 
961 460 907 594 1022 
961 79 789 203 882 
961 654 716 730 777 
961 280 697 381 777 
961 1170 720 1245 780 
961 1320 731 1411 798 
961 836 635 889 680 
961 428 713 510 772 
961 1221 632 1279 685 
961 1387 645 1616 821 
961 412 655 476 707 
961 756 621 802 662 
961 701 587 740 627 
961 559 581 607 622 
961 971 549 1006 581 
961 1176 558 1214 591 
961 1050 567 1087 597 
991 1145 816 1245 907 
991 453 905 588 1015 
991 774 751 861 817 
991 210 751 311 817 
991 99 889 236 995 
991 681 709 750 763 
991 0 827 109 957 
991 1202 627 1262 681 
991 641 640 698 695 
991 1277 579 1430 706 
991 476 627 533 674 
991 1102 627 1150 668 
991 723 566 764 602 
991 1155 577 1201 619 
991 626 587 666 623 
1021 1529 768 1632 832 
1021 506 737 598 815 
1021 325 701 405 763 
1021 490 896 609 997 
1021 1064 676 1126 732 
1021 552 632 611 678 
1021 1210 544 1318 637 
1021 689 607 736 648 
1021 1137 577 1182 617 
1021 1056 575 1094 606 
1021 643 566 683 602 
1051 415 708 494 772 
1051 1403 786 1514 872 
1051 609 673 677 729 
1051 16 834 150 937 
1051 155 956 318 1045 
1051 1359 662 1425 706 
1051 1025 605 1072 646 
1051 785 561 826 600 
1051 594 604 644 645 
1051 1156 523 1234 593 
1051 1084 540 1123 574 
1081 447 789 556 874 
1081 1226 770 1316 850 
1081 95 868 237 979 
1081 1257 673 1329 727 
1081 754 610 810 665 
1081 497 665 563 718 
1081 1254 600 1306 636 
1081 490 623 540 663 
1081 562 583 610 618 
1081 995 562 1031 597 
1081 862 593 892 627 
1081 1116 504 1178 567 
1111 308 773 402 843 
1111 1381 776 1481 848 
1111 663 699 751 781 
1111 1127 652 1185 706 
1111 478 619 537 663 
1111 351 687 424 741 
1111 839 667 889 716 
1111 1174 607 1229 654 
1111 575 576 627 614 
1111 860 548 892 577 
1141 1384 774 1487 854 
1141 1623 822 1745 901 
1141 72 812 188 891 
1141 764 830 854 918 
1141 349 684 423 740 
1141 402 922 574 1049 
1141 1241 663 1302 710 
1141 502 621 554 664 
1141 560 568 616 621 
1141 860 587 898 628 
1141 1078 596 1116 632 
1141 653 535 702 587 
1141 785 552 823 590 
1141 0 999 51 1048 
1171 98 800 211 881 
1171 480 604 558 665 
1171 374 686 447 746 
1171 1395 682 1463 732 
1171 838 656 896 714 
1171 1242 656 1309 710 
1171 1163 602 1210 639 
1171 621 557 686 619 
1171 1626 1005 1781 1050 
1171 764 595 808 636 
1171 728 551 766 590 
1201 123 807 240 904 
1201 744 803 851 909 
1201 344 654 453 742 
1201 1256 790 1378 900 
1201 549 586 637 684 
1201 714 663 770 714 
1201 1357 764 1440 825 
1201 1163 597 1213 638 
1201 1274 607 1327 648 
1201 694 583 741 629 
1201 756 595 815 653 
1201 1111 561 1144 594 
1231 594 791 686 865 
1231 83 756 243 881 
1231 1240 655 1290 698 
1231 412 644 538 767 
1231 626 634 697 701 
1231 1140 660 1217 730 
1231 1659 988 1841 1046 
1231 685 676 771 760 
1231 651 546 698 592 
1231 1199 567 1238 600 
1231 1106 558 1145 595 
1231 793 563 826 593 
1261 1387 746 1484 821 
1261 480 735 589 825 
1261 1630 842 1782 939 
1261 1553 929 1714 1016 
1261 146 731 364 947 
1261 516 833 658 972 
1261 610 565 672 632 
1261 777 599 819 634 
1261 1086 594 1135 640 
1261 1153 597 1205 638 
1261 724 562 763 598 
1291 1471 872 1601 961 
1291 1 849 97 947 
1291 533 599 620 684 
1291 80 972 313 1051 
1291 1416 696 1490 758 
1291 1313 721 1401 780 
1291 1284 643 1343 695 
1291 730 656 787 706 
1291 681 598 733 643 
1291 1049 556 1090 597 
1321 620 769 714 841 
1321 1281 703 1356 757 
1321 1403 955 1553 1048 
1321 403 665 527 772 
1321 1160 926 1299 1041 
1321 610 657 675 719 
1321 1288 623 1346 665 
1321 1212 626 1265 674 
1321 662 559 700 591 
1321 1217 587 1266 625 
1351 442 763 551 853 
1351 1378 766 1474 844 
1351 1063 706 1136 776 
1351 128 737 335 950 
1351 1209 733 1283 801 
1351 1770 888 1913 1047 
1351 1187 618 1238 662 
1351 620 590 666 628 
1351 190 733 332 823 
1351 1211 579 1256 615 
1351 1141 567 1183 606 
1381 1454 706 1600 821 
1381 1380 964 1548 1047 
1381 543 644 603 693 
1381 1237 650 1297 700 
1381 1024 614 1075 664 
1381 1120 637 1172 684 
1381 74 1011 208 1048 
1381 1129 566 1171 603 
1411 386 727 477 796 
1411 1191 744 1284 816 
1411 1316 622 1410 701 
1411 1157 590 1202 629 
1411 997 570 1036 605 
1411 1067 580 1109 621 
1411 595 554 640 592 
1441 1381 785 1513 892 
1441 1233 572 1304 632 
1441 41 904 196 1015 
1441 1112 645 1177 698 
1441 534 579 596 629 
1441 783 560 821 594 
1441 1101 556 1137 585 
1441 974 540 1007 570 
1471 1238 662 1318 730 
1471 1370 940 1518 1041 
1471 433 625 523 685 
1471 1170 543 1227 593 
1471 1069 591 1118 632 
1471 763 597 804 636 
1471 849 542 883 576 
1471 717 553 755 584 
1501 1218 734 1299 797 
1501 257 695 396 776 
1501 1459 768 1660 988 
1501 713 658 768 707 
1501 1164 598 1218 644 
1501 849 576 896 618 
1501 1044 557 1078 592 
1501 1123 525 1166 565 
1501 707 585 748 623 
1501 636 562 673 596 
1501 794 542 830 580 
1531 1249 813 1363 900 
1531 1078 792 1176 880 
1531 1576 804 1692 877 
1531 1296 655 1418 786 
1531 603 770 694 839 
1531 841 627 896 687 
1531 1161 639 1216 685 
1531 0 811 145 952 
1531 656 628 708 672 
1531 778 578 825 620 
1531 1112 555 1155 597 
1531 703 585 749 628 
1531 561 575 612 622 
1531 605 598 651 641 
1531 1885 982 1919 1051 
1561 1126 884 1279 1026 
1561 788 731 873 818 
1561 1543 912 1684 1008 
1561 1508 751 1647 854 
1561 1386 678 1456 727 
1561 1290 865 1402 958 
1561 1145 676 1217 735 
1561 572 696 641 759 
1561 742 627 801 684 
1561 1208 598 1298 689 
1561 1030 663 1092 722 
1561 648 629 709 683 
1561 515 654 577 705 
1561 487 617 543 668 
1561 620 584 666 623 
1561 1124 586 1163 621 
1561 794 554 834 596 
1561 1871 1015 1919 1060 
1591 1521 777 1617 845 
1591 659 712 748 798 
1591 396 813 508 907 
1591 561 703 639 769 
1591 1162 703 1233 765 
1591 1338 742 1422 801 
1591 1343 648 1431 716 
1591 1055 700 1130 776 
1591 345 748 440 816 
1591 643 991 785 1046 
1591 1002 597 1049 639 
1591 356 678 443 740 
1591 774 594 824 641 
1591 1277 610 1326 648 
1591 544 634 603 681 
1591 1091 608 1142 653 
1591 1157 558 1220 632 
1591 625 588 671 625 
1591 1088 548 1127 580 
1621 114 795 247 910 
1621 0 941 130 1048 
1621 401 712 483 775 
1621 1354 669 1421 716 
1621 377 826 502 927 
1621 725 656 790 721 
1621 424 913 592 1046 
1621 554 633 612 683 
1621 1015 615 1070 666 
1621 1236 650 1292 697 
1621 1097 623 1152 668 
1621 1258 592 1310 644 
1621 1204 570 1247 604 
1621 1114 536 1163 589 
1621 971 556 1006 590 
1621 561 576 617 611 
1621 1049 570 1088 605 
1651 596 773 700 871 
1651 1296 881 1419 973 
1651 426 709 504 770 
1651 1079 764 1164 833 
1651 53 870 209 975 
1651 1541 834 1858 1050 
1651 483 620 537 665 
1651 1257 607 1308 645 
1651 1169 596 1212 637 
1651 992 570 1037 608 
1651 650 589 690 624 
1651 564 574 608 613 
1651 785 565 824 600 
1651 1057 579 1098 612 
1681 149 848 277 949 
1681 345 685 417 742 
1681 1171 716 1243 769 
1681 1337 693 1596 924 
1681 1344 977 1492 1052 
1681 1037 650 1093 697 
1681 557 641 618 688 
1681 758 608 808 653 
1681 492 613 544 659 
1681 1184 565 1228 600 
1681 585 564 629 606 
1681 678 555 715 588 
1681 969 532 1006 570 
1681 1125 558 1162 595 
1711 1114 877 1235 980 
1711 68 806 190 886 
1711 1628 838 1753 912 
1711 1184 750 1267 814 
1711 390 737 478 797 
1711 694 690 765 743 
1711 367 678 440 727 
1711 1238 613 1396 772 
1711 1857 980 1919 1045 
1711 1113 632 1163 672 
1711 855 601 896 638 
1711 1011 587 1053 627 
1711 525 601 577 648 
1711 634 585 681 624 
1711 557 571 601 616 
1741 542 835 661 936 
1741 1516 765 1611 829 
1741 130 782 237 857 
1741 1171 571 1284 683 
1741 2 936 157 1048 
1741 1420 700 1496 754 
1741 827 684 886 734 
1741 1045 690 1114 750 
1741 420 656 494 711 
1741 568 629 623 673 
1741 1116 654 1168 697 
1741 498 604 550 647 
1741 1071 584 1109 617 
1741 716 550 756 590 
1741 606 550 646 591 
1741 981 552 1016 585 
1741 791 562 827 597 
1771 736 868 842 964 
1771 1128 851 1229 936 
1771 230 743 331 819 
1771 448 704 521 760 
1771 389 654 462 710 
1771 1124 539 1214 630 
1771 1363 668 1423 713 
1771 1305 630 1358 670 
1771 859 587 899 626 
1771 565 576 610 616 
1771 1012 611 1058 653 
1771 686 581 731 624 
1771 764 607 806 647 
1771 1077 600 1118 635 
