1 1373 794 1539 914 
1 642 469 718 553 
1 743 532 819 595 
1 464 458 525 516 
1 1211 489 1285 560 
1 560 473 621 523 
1 1274 435 1332 481 
1 1162 428 1219 475 
1 1041 333 1090 382 
1 578 379 621 419 
1 735 381 771 412 
1 682 364 717 397 
31 260 569 360 653 
31 592 808 747 951 
31 1292 711 1433 819 
31 1535 595 1642 667 
31 358 613 459 701 
31 1174 550 1255 614 
31 504 600 631 751 
31 503 429 562 476 
31 698 439 748 483 
31 634 404 683 448 
31 813 407 848 442 
31 1101 426 1148 471 
31 1188 385 1232 425 
31 1110 384 1150 422 
31 1002 320 1041 358 
61 1141 526 1222 587 
61 351 516 439 582 
61 600 547 683 616 
61 1332 469 1400 516 
61 541 481 613 544 
61 1306 731 1478 871 
61 782 491 840 541 
61 1092 448 1143 493 
61 795 403 845 449 
61 537 368 576 404 
61 1040 381 1079 416 
61 1118 366 1160 404 
91 689 680 798 785 
91 305 635 434 751 
91 0 693 152 824 
91 1141 529 1236 603 
91 307 823 477 978 
91 753 489 828 560 
91 1219 398 1268 438 
91 1071 433 1125 479 
91 477 400 526 441 
91 1038 393 1082 430 
91 739 369 773 404 
121 1238 669 1361 759 
121 1601 650 1736 734 
121 630 684 771 826 
121 1070 434 1133 491 
121 385 454 446 503 
121 699 425 748 466 
121 1140 360 1183 393 
121 1019 383 1065 418 
121 567 359 603 391 
121 733 385 775 427 
151 214 539 304 604 
151 1296 704 1454 822 
151 1112 497 1180 548 
151 1361 496 1437 550 
151 629 513 701 574 
151 1653 667 1836 794 
151 1553 756 1720 856 
151 1025 383 1075 425 
151 695 437 752 485 
151 508 392 553 432 
151 740 365 782 405 
181 1292 720 1422 816 
181 1641 818 1848 961 
181 440 712 565 815 
181 612 535 700 608 
181 1141 505 1223 573 
181 414 440 475 483 
181 1326 559 1422 618 
181 1388 497 1478 570 
181 1232 418 1290 461 
181 686 417 740 468 
181 1048 417 1096 457 
181 994 355 1033 390 
181 730 356 769 392 
211 256 518 342 574 
211 366 778 540 933 
211 1699 704 1850 797 
211 1340 572 1448 652 
211 556 511 643 582 
211 1130 516 1206 574 
211 1224 457 1279 505 
211 1066 420 1122 470 
211 713 396 759 442 
211 1246 414 1305 467 
211 1156 373 1198 408 
211 591 356 640 405 
211 1008 369 1046 405 
211 669 379 708 418 
211 753 339 785 371 
241 1204 607 1308 696 
241 1419 529 1500 586 
241 211 727 387 880 
241 0 662 76 761 
241 1214 467 1282 521 
241 655 470 722 527 
241 597 440 653 487 
241 1852 769 1919 881 
241 1063 425 1113 469 
241 532 398 589 449 
241 1157 378 1212 437 
241 477 397 525 438 
241 734 381 771 415 
241 672 348 712 388 
241 1020 369 1062 410 
271 434 558 521 629 
271 518 595 629 695 
271 1483 545 1613 644 
271 418 468 495 535 
271 1096 469 1161 527 
271 1280 441 1339 483 
271 695 437 746 481 
271 1580 640 1919 932 
271 643 371 700 426 
271 347 464 405 511 
271 1137 408 1182 450 
271 1021 375 1056 409 
271 1518 1008 1722 1051 
301 597 544 680 613 
301 1195 604 1292 682 
301 166 576 301 702 
301 589 407 668 483 
301 79 588 175 663 
301 0 868 155 1038 
301 1270 455 1438 604 
301 1193 389 1241 426 
301 1041 399 1086 444 
301 122 987 329 1052 
301 696 334 735 366 
301 1086 354 1121 394 
331 488 467 601 571 
331 1257 671 1377 756 
331 280 832 459 987 
331 1040 611 1127 688 
331 1093 469 1151 518 
331 1140 377 1266 474 
331 501 384 545 423 
331 671 357 714 399 
331 592 369 635 405 
331 1001 360 1037 395 
331 753 364 785 394 
331 1132 359 1167 394 
361 285 573 462 729 
361 1121 498 1187 548 
361 411 428 473 480 
361 535 407 588 452 
361 985 462 1038 510 
361 717 413 762 450 
361 629 390 685 445 
361 1156 357 1208 403 
361 1038 398 1086 440 
361 1087 331 1143 399 
391 251 506 338 569 
391 1298 716 1442 821 
391 1075 710 1184 793 
391 421 476 502 537 
391 1705 724 1860 823 
391 7 830 136 1047 
391 654 492 719 549 
391 545 451 625 525 
391 1049 412 1099 451 
391 1099 333 1146 373 
391 682 361 720 394 
391 950 391 988 427 
391 525 376 563 415 
391 1020 323 1063 377 
391 621 335 656 372 
421 1410 531 1492 585 
421 1674 829 1882 981 
421 193 592 321 699 
421 501 658 613 760 
421 1130 512 1207 569 
421 0 649 74 753 
421 387 549 506 659 
421 998 507 1060 554 
421 447 415 501 460 
421 374 521 451 571 
421 650 399 692 438 
421 580 365 623 409 
421 1004 366 1043 399 
451 1639 658 1778 745 
451 1341 560 1436 635 
451 1826 996 1917 1050 
451 322 480 397 534 
451 14 699 167 802 
451 1270 436 1324 479 
451 0 785 207 1040 
451 511 409 573 462 
451 582 456 641 506 
451 1059 421 1109 464 
451 964 419 1006 453 
451 605 363 642 399 
481 86 591 200 668 
481 438 560 535 632 
481 1564 613 1677 688 
481 1278 681 1416 792 
481 379 482 473 554 
481 1409 516 1489 572 
481 1376 614 1486 693 
481 1200 447 1264 499 
481 554 404 607 445 
481 1182 384 1228 421 
481 1013 372 1053 405 
481 508 378 553 417 
481 938 363 973 394 
511 1338 767 1492 881 
511 101 621 262 738 
511 77 801 264 941 
511 1372 496 1443 546 
511 1127 501 1202 562 
511 460 466 530 517 
511 1288 439 1343 481 
511 1214 476 1279 528 
511 1121 385 1168 430 
511 417 427 471 472 
511 525 369 567 404 
511 680 360 714 390 
541 266 578 373 654 
541 1147 535 1234 595 
541 250 508 327 563 
541 1310 711 1449 840 
541 448 411 499 447 
541 1264 429 1320 468 
541 1053 417 1103 462 
541 644 399 685 436 
541 1072 613 1319 913 
541 1126 407 1178 448 
541 1204 390 1251 424 
541 738 334 772 370 
571 1262 677 1390 769 
571 995 445 1120 623 
571 321 475 389 523 
571 577 454 632 505 
571 1144 512 1223 584 
571 1193 388 1239 423 
571 724 354 771 405 
571 0 653 40 741 
571 615 340 660 386 
571 1007 367 1044 401 
571 1151 359 1186 392 
571 1069 365 1109 399 
601 1453 648 1581 742 
601 436 563 527 631 
601 83 585 187 652 
601 1121 504 1192 556 
601 961 375 1051 494 
601 687 404 748 469 
601 576 373 628 424 
601 1069 420 1131 474 
601 804 344 847 386 
601 1142 357 1183 390 
631 1276 509 1356 572 
631 1264 682 1401 788 
631 79 790 256 927 
631 604 479 694 579 
631 494 419 569 487 
631 1054 416 1101 460 
631 801 382 854 436 
631 937 339 1008 422 
631 559 389 605 432 
631 1029 370 1072 413 
631 510 383 554 421 
661 1427 658 1554 742 
661 1657 677 1796 767 
661 388 658 558 879 
661 349 498 476 585 
661 1713 850 1916 985 
661 1177 433 1236 482 
661 1120 498 1194 558 
661 774 448 847 529 
661 475 449 540 497 
661 914 304 979 378 
661 526 371 574 413 
661 676 364 714 400 
661 426 428 482 470 
661 1018 371 1052 404 
691 687 593 814 736 
691 1041 601 1148 697 
691 1245 507 1324 559 
691 25 633 261 789 
691 1361 589 1464 655 
691 331 534 416 605 
691 1579 774 1763 887 
691 448 407 509 458 
691 618 420 672 461 
691 1408 522 1495 581 
691 260 511 338 571 
691 1116 387 1162 430 
691 1050 415 1098 457 
691 607 340 654 387 
691 540 369 581 405 
691 890 300 940 354 
691 800 359 834 387 
721 0 724 145 837 
721 483 532 569 593 
721 1325 558 1421 626 
721 309 472 397 541 
721 1608 648 1737 732 
721 982 456 1046 514 
721 561 364 623 431 
721 467 407 517 448 
721 1286 443 1341 485 
721 1155 430 1207 471 
721 718 393 763 431 
721 1218 475 1278 524 
721 792 402 842 442 
721 1004 366 1039 401 
721 1067 359 1107 393 
751 1415 662 1529 732 
751 4 862 203 1026 
751 34 591 180 694 
751 1378 508 1460 562 
751 1203 458 1267 506 
751 1645 626 1918 834 
751 347 471 414 521 
751 473 403 558 502 
751 768 476 833 529 
751 1768 932 1916 1050 
751 655 472 716 530 
751 948 387 995 428 
751 1202 391 1248 430 
751 1098 383 1138 422 
751 1126 407 1169 447 
751 562 352 602 390 
781 465 649 585 766 
781 1370 610 1489 681 
781 103 582 215 655 
781 696 621 803 721 
781 1410 491 1558 601 
781 283 477 427 631 
781 1239 506 1309 555 
781 502 384 550 426 
781 1262 432 1317 475 
781 1135 400 1178 441 
781 1056 365 1093 402 
811 1689 671 1844 783 
811 403 434 469 485 
811 1287 416 1380 501 
811 1444 669 1584 772 
811 7 653 102 930 
811 1220 480 1291 531 
811 1152 429 1201 467 
811 794 413 839 456 
811 668 374 708 411 
811 812 359 848 399 
811 1185 383 1228 421 
841 1430 516 1519 587 
841 212 522 313 591 
841 1606 648 1737 735 
841 1255 505 1335 572 
841 750 503 823 571 
841 1205 370 1274 438 
841 610 418 664 467 
841 795 415 848 463 
841 1133 412 1183 454 
841 670 369 708 406 
841 1100 375 1148 412 
841 814 353 851 390 
841 728 372 767 406 
841 1116 360 1153 395 
871 612 722 742 849 
871 1599 640 1727 720 
871 761 510 835 579 
871 511 494 584 558 
871 1381 507 1462 565 
871 1295 435 1358 487 
871 1157 424 1214 474 
871 630 412 677 456 
871 1146 346 1202 396 
871 706 423 755 469 
871 819 399 860 437 
871 1075 363 1117 405 
871 699 358 734 390 
901 1718 707 1891 819 
901 279 634 407 743 
901 648 729 789 873 
901 1385 507 1463 557 
901 541 481 616 542 
901 628 521 697 581 
901 802 470 856 517 
901 1266 430 1322 479 
901 669 387 713 425 
901 1210 386 1257 431 
901 803 398 847 434 
901 1096 379 1138 417 
901 1097 327 1146 372 
931 362 601 472 700 
931 1431 531 1524 599 
931 423 727 553 843 
931 735 609 826 699 
931 604 444 662 489 
931 786 476 842 529 
931 1265 431 1325 476 
931 594 375 634 409 
931 1195 388 1240 426 
931 739 366 778 406 
931 811 350 844 387 
931 1150 356 1185 392 
961 477 539 566 606 
961 1479 665 1619 786 
961 1289 444 1353 494 
961 708 619 808 714 
961 0 949 77 1044 
961 708 412 760 459 
961 529 420 579 457 
961 1193 390 1239 425 
961 808 398 846 437 
991 634 491 711 564 
991 1746 740 1909 846 
991 410 494 481 544 
991 1266 496 1347 571 
991 163 755 329 891 
991 788 473 844 520 
991 1209 392 1258 435 
991 814 392 858 429 
991 1137 357 1173 389 
1021 1335 606 1446 679 
1021 131 652 261 736 
1021 729 619 823 711 
1021 444 662 585 803 
1021 1461 556 1558 618 
1021 789 466 848 515 
1021 1159 417 1220 470 
1021 1147 356 1192 395 
1051 1500 717 1643 816 
1051 1223 628 1323 706 
1051 1085 710 1237 847 
1051 1315 460 1381 508 
1051 1630 651 1768 741 
1051 714 611 814 702 
1051 1156 460 1217 507 
1051 727 395 769 436 
1051 814 392 852 425 
1051 1097 367 1135 409 
1081 1832 960 1919 1051 
1081 1634 651 1776 751 
1081 1397 512 1484 569 
1081 1265 520 1344 578 
1081 1000 501 1081 574 
1081 1105 473 1165 524 
1081 677 458 731 509 
1081 789 457 843 507 
1081 1229 407 1279 444 
1081 801 382 842 423 
1081 1059 394 1105 429 
1111 722 598 812 677 
1111 1395 609 1510 687 
1111 771 443 835 508 
1111 1385 499 1468 562 
1111 569 576 653 645 
1111 1272 436 1333 479 
1111 967 414 1018 463 
1111 1155 425 1208 470 
1111 1048 400 1093 438 
1111 660 374 703 414 
1111 1165 369 1204 401 
1111 734 366 773 405 
1141 1699 707 1852 799 
1141 694 575 793 670 
1141 265 861 431 1019 
1141 1466 899 1763 1045 
1141 604 424 662 478 
1141 1228 477 1303 531 
1141 1263 425 1320 469 
1141 696 405 744 450 
1141 1191 388 1233 426 
1141 806 367 846 409 
1141 941 367 981 405 
1141 625 340 663 377 
1141 1001 358 1037 391 
1171 487 513 577 587 
1171 1184 564 1302 661 
1171 478 937 662 1044 
1171 1417 529 1498 585 
1171 613 473 678 530 
1171 790 417 846 472 
1171 1143 413 1193 453 
1171 601 363 650 405 
1171 1183 385 1227 426 
1171 1130 359 1170 394 
1171 739 365 775 401 
1201 151 707 338 859 
1201 745 513 828 592 
1201 435 587 536 682 
1201 1808 960 1919 1048 
1201 1443 907 1689 1050 
1201 1081 443 1153 505 
1201 1635 639 1810 767 
1201 1270 434 1330 477 
1201 547 388 612 443 
1201 715 401 764 452 
1201 667 358 712 402 
1201 763 361 798 397 
1231 1361 594 1469 675 
1231 1160 562 1274 649 
1231 603 739 763 915 
1231 1826 765 1919 896 
1231 464 438 553 502 
1231 4 890 160 1052 
1231 1392 493 1499 573 
1231 658 476 725 542 
1231 1184 384 1229 421 
1231 632 391 689 448 
1231 1027 384 1076 429 
1231 724 418 774 461 
1231 787 375 825 410 
1231 541 370 581 406 
1231 682 328 728 385 
1261 506 617 624 722 
1261 1484 557 1593 635 
1261 1070 441 1138 497 
1261 326 504 451 595 
1261 563 440 646 514 
1261 1192 460 1265 514 
1261 659 489 727 552 
1261 1264 417 1334 478 
1261 655 345 712 414 
1261 747 427 795 468 
1261 813 398 855 438 
1261 477 406 525 444 
1261 1124 352 1160 383 
1261 742 329 788 385 
1261 989 345 1023 380 
1291 1544 598 1665 681 
1291 505 652 613 752 
1291 432 519 558 629 
1291 1321 460 1394 512 
1291 676 508 750 572 
1291 371 464 437 512 
1291 34 628 265 778 
1291 613 382 682 461 
1291 809 481 862 527 
1291 1108 393 1157 436 
1291 723 354 784 418 
1291 1183 375 1239 422 
1291 1020 380 1068 422 
1291 530 375 567 411 
1321 1343 476 1419 532 
1321 488 692 615 809 
1321 185 563 284 633 
1321 744 656 840 747 
1321 105 686 373 910 
1321 1224 400 1276 445 
1321 687 397 766 486 
1321 527 411 631 547 
1321 458 410 508 452 
1321 1059 356 1095 388 
1321 815 364 850 400 
1321 1126 346 1167 384 
1321 663 380 704 420 
1351 597 472 714 599 
1351 1234 410 1289 456 
1351 352 465 522 700 
1351 803 416 847 453 
1351 1156 364 1202 403 
1351 546 404 585 446 
1351 596 373 634 412 
1351 604 426 652 466 
1351 521 377 557 418 
1351 655 344 696 379 
1381 768 498 833 552 
1381 457 463 523 515 
1381 518 499 587 554 
1381 375 598 570 901 
1381 0 575 258 1079 
1381 446 407 499 450 
1381 540 408 594 456 
1381 120 582 232 635 
1381 1164 370 1210 411 
1381 615 363 663 409 
1381 815 379 852 416 
1381 1586 1009 1856 1051 
1381 740 377 775 409 
1411 278 556 375 634 
1411 1236 614 1352 711 
1411 326 635 442 718 
1411 430 470 513 536 
1411 682 666 794 764 
1411 326 469 392 523 
1411 712 421 758 466 
1411 547 405 609 463 
1411 800 435 848 480 
1411 608 352 653 391 
1411 798 383 833 417 
1441 1294 715 1427 824 
1441 94 572 200 659 
1441 642 508 708 566 
1441 416 480 505 549 
1441 753 535 831 610 
1441 1119 480 1190 542 
1441 1734 919 1904 1049 
1441 220 573 348 676 
1441 784 422 839 477 
1441 1755 680 1919 835 
1441 497 442 554 487 
1441 0 761 50 887 
1441 719 385 764 424 
1441 574 384 623 429 
1441 0 988 53 1039 
1471 1339 576 1441 659 
1471 157 590 305 719 
1471 470 675 585 779 
1471 599 792 757 965 
1471 1111 504 1180 563 
1471 355 524 440 589 
1471 745 519 823 603 
1471 1458 511 1575 609 
1471 1054 410 1104 457 
1471 497 430 567 486 
1471 679 439 737 495 
1471 796 396 839 435 
1471 594 385 636 417 
1471 668 358 708 392 
1471 728 359 768 395 
1501 38 689 183 795 
1501 591 534 677 611 
1501 357 506 459 587 
1501 606 773 761 942 
1501 1307 430 1385 499 
1501 1658 674 1806 764 
1501 1191 456 1254 509 
1501 779 459 833 509 
1501 638 394 688 438 
1501 535 425 588 465 
1501 1019 415 1065 456 
1501 718 400 767 442 
1501 812 398 852 434 
1501 495 382 546 425 
1501 1011 371 1052 407 
1531 1461 683 1608 790 
1531 722 579 809 658 
1531 350 754 515 918 
1531 1396 516 1486 574 
1531 42 656 223 799 
1531 775 471 836 521 
1531 429 494 498 542 
1531 672 465 732 520 
1531 562 458 622 507 
1531 1213 382 1273 434 
1531 399 437 461 486 
1531 1113 391 1160 432 
1531 502 375 549 423 
1531 618 436 662 478 
1531 955 357 993 396 
1561 700 604 794 685 
1561 205 619 312 695 
1561 551 583 651 671 
1561 1208 631 1312 710 
1561 543 914 713 1048 
1561 419 556 510 625 
1561 1250 507 1332 572 
1561 199 527 292 592 
1561 512 520 586 576 
1561 407 415 479 479 
1561 1264 432 1324 477 
1561 1144 351 1193 391 
1561 1055 352 1094 385 
1561 507 377 547 411 
1591 233 482 337 572 
1591 294 671 418 769 
1591 1561 712 1738 815 
1591 1517 586 1633 670 
1591 88 749 266 878 
1591 201 927 403 1048 
1591 1091 478 1150 530 
1591 1146 426 1207 471 
1591 433 414 483 459 
1591 486 991 670 1046 
1591 1185 387 1231 423 
1591 538 364 577 397 
1591 1091 333 1131 367 
1621 303 479 376 532 
1621 1314 746 1462 860 
1621 1266 509 1352 568 
1621 1322 463 1390 518 
1621 0 616 54 771 
1621 1034 404 1078 444 
1621 669 366 713 404 
1621 487 393 531 433 
1621 1092 379 1135 417 
1651 1801 747 1919 907 
1651 1140 528 1216 589 
1651 67 587 170 665 
1651 1146 917 1343 1038 
1651 401 435 459 481 
1651 621 405 676 452 
1651 1208 398 1266 445 
1651 1143 420 1199 462 
1651 519 367 560 405 
1651 615 343 660 394 
1651 742 356 777 391 
1651 990 359 1026 392 
1681 258 506 339 561 
1681 1818 775 1919 884 
1681 529 471 616 544 
1681 1428 518 1545 609 
1681 1012 553 1088 617 
1681 1470 664 1648 797 
1681 1329 744 1497 875 
1681 561 353 638 436 
1681 1064 429 1118 479 
1681 726 395 773 438 
1681 443 413 498 452 
1681 1140 361 1185 398 
1681 1074 365 1114 400 
1711 333 595 475 713 
1711 1452 543 1547 606 
1711 678 464 736 521 
1711 1 626 110 714 
1711 1146 528 1232 602 
1711 469 382 585 502 
1711 304 483 377 536 
1711 1271 424 1345 481 
1711 1249 493 1337 560 
1711 969 430 1019 476 
1711 669 369 713 413 
1711 1022 383 1063 419 
1741 1216 630 1321 708 
1741 544 593 647 697 
1741 33 606 151 689 
1741 1292 440 1350 484 
1741 1065 434 1123 485 
1741 307 453 484 609 
1741 618 408 676 462 
1741 8 957 82 1051 
1741 1146 409 1205 459 
1741 464 408 512 448 
1741 1178 374 1229 417 
1741 941 372 980 406 
1741 678 369 715 406 
1771 1411 626 1518 702 
1771 529 469 611 548 
1771 1079 468 1137 513 
1771 335 473 406 524 
1771 0 574 305 823 
1771 633 405 681 451 
1771 1192 385 1238 420 
1771 725 389 766 427 
1771 1024 382 1069 421 
1771 507 380 555 420 
1771 1088 357 1132 397 
1771 149 1010 287 1057 
