1 422 388 536 487 
1 1387 365 1532 470 
1 101 474 267 602 
1 274 213 445 362 
1 1412 262 1491 316 
1 647 234 701 282 
1 573 214 626 260 
1 721 164 762 198 
1 595 151 635 186 
1 1144 133 1187 171 
31 1538 463 1700 579 
31 0 313 247 561 
31 449 394 548 474 
31 387 335 478 398 
31 1216 203 1287 260 
31 639 238 698 287 
31 0 864 54 1048 
31 496 206 549 249 
31 794 171 835 209 
31 1280 172 1327 210 
31 613 192 656 230 
31 736 148 774 183 
61 1455 417 1595 517 
61 445 400 549 482 
61 1538 266 1637 333 
61 1291 249 1367 312 
61 315 295 406 354 
61 478 278 544 331 
61 707 262 773 326 
61 0 647 83 786 
61 660 207 716 258 
61 1143 135 1189 174 
61 557 173 602 209 
61 728 152 769 188 
61 1214 123 1247 154 
61 0 727 1 1034 
61 1874 499 1916 564 
91 143 487 268 588 
91 497 332 597 418 
91 1448 418 1575 502 
91 472 514 626 648 
91 1255 236 1327 291 
91 1465 269 1549 320 
91 1638 343 1865 535 
91 650 221 704 266 
91 0 484 94 591 
91 421 243 482 290 
91 1368 175 1427 220 
91 1189 164 1240 209 
91 662 152 710 192 
121 1749 382 1878 461 
121 480 355 575 428 
121 0 692 226 929 
121 139 383 257 457 
121 1759 512 1911 618 
121 1391 202 1508 317 
121 569 210 630 261 
121 1260 241 1324 291 
121 1301 176 1353 216 
121 1173 158 1219 200 
151 1421 407 1541 493 
151 388 319 484 399 
151 0 768 159 1008 
151 1478 711 1706 894 
151 1273 136 1351 223 
151 1462 229 1527 274 
151 1449 293 1530 349 
151 1175 167 1217 203 
151 701 137 737 167 
181 1603 388 1758 500 
181 0 591 110 778 
181 1513 269 1604 326 
181 1201 310 1284 380 
181 1249 232 1313 286 
181 631 182 679 220 
181 1209 108 1263 167 
181 1306 191 1359 236 
181 791 157 831 195 
181 719 152 762 190 
181 1328 156 1370 190 
211 1414 391 1535 472 
211 1801 407 1911 535 
211 504 260 573 313 
211 713 242 782 305 
211 1348 226 1426 284 
211 647 214 704 269 
211 1113 190 1161 230 
211 1359 174 1414 216 
211 623 160 669 206 
211 1183 161 1220 193 
211 811 143 844 175 
241 479 345 581 433 
241 1478 231 1581 302 
241 494 478 635 610 
241 224 432 348 519 
241 1461 693 1699 856 
241 506 237 584 298 
241 1241 225 1300 270 
241 754 215 804 254 
241 533 182 584 224 
241 716 156 761 195 
241 1247 154 1298 199 
241 677 147 709 178 
271 273 367 404 468 
271 621 364 710 444 
271 1649 440 1809 528 
271 1664 327 1794 407 
271 1440 411 1584 517 
271 388 255 465 315 
271 1339 158 1402 204 
271 1197 300 1275 366 
271 0 751 164 995 
271 638 230 699 282 
271 1749 204 1835 253 
271 601 190 648 227 
271 1161 152 1203 190 
271 820 134 851 165 
301 1487 450 1624 540 
301 451 367 564 458 
301 94 392 231 489 
301 1244 233 1325 290 
301 78 993 298 1079 
301 470 268 544 325 
301 1370 242 1434 289 
301 769 193 814 233 
301 1582 149 1647 191 
301 1108 184 1157 226 
301 1431 203 1494 249 
301 1258 117 1302 153 
301 631 137 667 167 
331 200 427 326 520 
331 669 314 746 377 
331 1803 776 1912 947 
331 1270 247 1339 297 
331 1 803 122 1015 
331 773 186 820 230 
331 557 175 600 212 
331 656 160 697 196 
331 1167 157 1216 198 
331 1253 158 1298 197 
331 1305 144 1354 181 
361 1347 331 1442 399 
361 1689 347 1814 421 
361 670 294 751 364 
361 327 672 533 863 
361 1725 489 1906 607 
361 435 239 496 285 
361 544 232 601 280 
361 1179 163 1224 200 
391 296 390 402 471 
391 369 604 557 791 
391 1840 238 1907 301 
391 212 354 304 420 
391 1408 263 1489 326 
391 1208 200 1262 242 
391 1435 211 1498 254 
391 620 143 659 174 
391 700 128 732 158 
421 1649 179 1729 226 
421 1277 176 1330 219 
421 698 184 745 223 
421 790 171 830 207 
421 530 189 576 228 
421 631 174 673 208 
421 1142 141 1180 171 
421 1320 146 1357 176 
421 1742 155 1815 196 
451 1799 758 1914 943 
451 716 264 775 319 
451 562 295 635 350 
451 514 246 578 297 
451 371 266 445 322 
451 1523 138 1581 178 
451 1849 259 1906 312 
451 1606 132 1675 172 
451 787 177 827 214 
451 1207 130 1243 162 
481 1356 331 1468 412 
481 255 407 373 491 
481 705 286 770 341 
481 503 521 627 633 
481 141 612 323 756 
481 1475 294 1577 377 
481 43 426 180 515 
481 1667 190 1744 231 
481 1530 112 1581 149 
481 654 156 691 193 
511 444 610 592 750 
511 1819 545 1917 673 
511 1412 372 1523 448 
511 1305 188 1370 240 
511 1222 204 1289 254 
511 561 218 616 261 
511 1545 147 1603 186 
511 583 160 628 201 
541 1409 378 1525 456 
541 389 322 481 389 
541 1439 273 1527 340 
541 1239 217 1300 263 
541 481 207 545 259 
541 698 186 742 223 
541 1222 133 1270 172 
541 1155 143 1196 179 
541 814 122 846 153 
571 1458 419 1586 508 
571 1465 302 1555 365 
571 1590 300 1690 359 
571 304 289 407 362 
571 0 578 151 727 
571 588 277 653 326 
571 1293 176 1347 223 
571 1235 222 1301 273 
571 782 172 824 206 
571 617 185 664 225 
571 721 159 761 194 
571 1160 154 1200 186 
601 311 493 444 600 
601 1611 417 1752 507 
601 0 455 120 578 
601 714 253 776 309 
601 501 258 570 312 
601 1262 243 1332 293 
601 1397 196 1453 237 
601 630 226 689 276 
601 1304 188 1360 233 
601 1164 159 1203 194 
601 591 166 629 199 
601 1219 130 1258 164 
631 1423 381 1537 467 
631 542 453 661 553 
631 268 405 382 489 
631 1554 276 1662 341 
631 447 376 542 462 
631 1351 234 1414 282 
631 758 213 806 254 
631 475 224 530 268 
631 1177 161 1221 198 
631 1295 142 1340 176 
631 643 170 684 206 
631 1212 139 1248 173 
661 1538 335 1644 404 
661 1487 734 1736 919 
661 636 367 718 431 
661 258 337 346 402 
661 1378 183 1438 224 
661 1252 225 1310 272 
661 536 239 594 288 
661 0 889 11 1079 
661 784 187 828 225 
661 1241 159 1284 196 
661 0 897 37 1071 
691 321 375 420 451 
691 1209 323 1296 391 
691 1780 522 1911 641 
691 694 298 767 358 
691 85 955 401 1078 
691 1330 203 1390 247 
691 1691 151 1766 193 
691 1173 151 1212 189 
691 1279 131 1323 168 
691 57 1008 198 1071 
721 1398 363 1508 445 
721 1300 502 1436 606 
721 415 617 581 778 
721 1425 270 1514 335 
721 1123 199 1173 240 
721 1234 141 1274 175 
721 1578 121 1629 161 
721 1863 236 1914 288 
751 1145 263 1213 323 
751 1662 176 1732 219 
751 1235 216 1296 263 
751 1287 174 1340 219 
751 1083 138 1116 167 
781 1547 272 1639 335 
781 1472 442 1609 530 
781 1572 993 1884 1079 
781 1523 134 1583 173 
781 811 143 853 179 
781 1088 174 1127 211 
781 1160 148 1201 186 
781 1207 125 1245 161 
781 734 140 781 176 
811 1217 361 1307 435 
811 1258 240 1326 289 
811 750 211 805 263 
811 1381 180 1434 221 
811 670 202 723 246 
811 638 173 678 210 
811 688 138 724 173 
811 1064 121 1094 151 
811 1129 107 1165 137 
841 1440 389 1564 484 
841 607 370 710 469 
841 516 323 599 395 
841 483 261 550 315 
841 1118 210 1168 252 
841 609 189 651 229 
841 1170 156 1214 190 
871 1 706 222 916 
871 84 487 249 603 
871 1244 220 1310 271 
871 1531 355 1646 429 
871 464 284 534 338 
871 1574 281 1676 347 
871 665 150 705 188 
871 1073 139 1107 168 
901 92 508 248 623 
901 1337 218 1400 265 
901 581 203 638 251 
901 1386 181 1444 223 
901 778 175 822 218 
901 1162 145 1206 186 
901 727 137 772 177 
901 781 92 818 134 
931 423 299 511 367 
931 673 289 748 354 
931 654 194 719 255 
931 562 176 607 217 
931 1238 154 1283 190 
931 738 121 779 166 
961 1389 358 1492 431 
961 318 646 511 835 
961 19 532 201 676 
961 1433 255 1542 330 
961 500 304 609 402 
961 410 252 483 308 
961 1778 218 1875 270 
961 668 164 735 233 
961 558 225 619 269 
961 812 138 850 173 
961 603 157 637 186 
991 360 342 462 425 
991 73 413 209 511 
991 1504 253 1581 302 
991 530 253 647 360 
991 0 625 265 911 
991 1229 212 1285 259 
991 1261 156 1321 205 
991 1618 162 1689 204 
991 751 199 811 257 
991 487 218 538 257 
991 621 184 668 221 
991 703 168 745 210 
1021 1642 446 1787 532 
1021 607 349 717 458 
1021 490 261 561 316 
1021 263 338 350 393 
1021 600 257 661 317 
1021 141 441 406 728 
1021 1335 161 1382 196 
1021 1507 126 1561 165 
1021 716 171 749 203 
1021 578 168 620 207 
1021 1157 149 1194 182 
1021 638 134 677 169 
1021 1179 113 1217 148 
1051 1519 347 1628 417 
1051 202 434 321 528 
1051 1375 255 1451 300 
1051 317 461 443 586 
1051 431 241 496 292 
1051 611 250 667 295 
1051 21 1018 294 1078 
1051 598 187 651 233 
1051 527 181 577 226 
1051 813 144 850 177 
1051 759 133 793 165 
1081 376 425 480 513 
1081 1501 322 1611 397 
1081 114 404 229 483 
1081 445 278 527 348 
1081 324 276 414 338 
1081 1819 781 1915 923 
1081 1327 214 1382 257 
1081 1257 169 1310 206 
1081 758 213 809 260 
1081 702 177 748 217 
1111 629 366 722 457 
1111 1372 349 1473 415 
1111 1564 290 1658 344 
1111 1831 234 1905 296 
1111 54 493 235 632 
1111 601 262 673 324 
1111 1322 203 1382 250 
1111 587 204 642 244 
1111 1229 149 1268 181 
1111 614 143 657 179 
1141 1534 485 1680 598 
1141 420 310 501 366 
1141 327 468 477 583 
1141 1678 185 1763 236 
1141 504 200 563 245 
1141 1229 213 1287 257 
1141 1383 189 1436 227 
1141 99 1026 331 1079 
1141 1229 139 1277 178 
1141 644 126 682 158 
1171 0 558 168 681 
1171 1444 412 1574 512 
1171 281 305 382 379 
1171 1273 254 1350 311 
1171 1568 150 1634 195 
1171 563 173 608 210 
1171 1870 607 1918 704 
1171 1280 135 1320 166 
1171 1158 153 1197 185 
1201 1375 359 1490 438 
1201 1242 224 1310 280 
1201 407 250 476 301 
1201 1457 310 1552 374 
1201 1178 164 1225 204 
1201 1486 125 1540 166 
1231 1263 414 1379 505 
1231 57 416 189 515 
1231 1713 378 1850 452 
1231 1223 217 1287 263 
1231 1302 199 1358 238 
1231 1159 146 1202 189 
1231 815 142 848 173 
1261 1297 479 1427 577 
1261 1567 532 1745 641 
1261 1577 914 1854 1079 
1261 1403 371 1512 447 
1261 1446 227 1517 273 
1261 1136 229 1195 279 
1261 776 195 820 235 
1261 1221 142 1264 176 
1261 722 104 761 141 
1261 1861 260 1909 306 
1261 1153 148 1193 182 
1291 1491 448 1624 538 
1291 688 303 760 364 
1291 1207 352 1306 435 
1291 1312 290 1390 347 
1291 1248 225 1313 274 
1291 1149 254 1215 309 
1291 1662 184 1731 226 
1291 665 138 717 182 
1291 1322 157 1367 195 
1291 1084 151 1122 188 
1321 457 568 604 707 
1321 1304 442 1425 543 
1321 1287 262 1357 314 
1321 570 187 647 250 
1321 1823 752 1912 885 
1321 1118 209 1176 260 
1321 1211 193 1260 233 
1321 1524 141 1581 177 
1321 1174 159 1226 193 
1321 741 147 777 182 
1321 1092 162 1131 195 
1351 1386 344 1475 411 
1351 380 287 505 388 
1351 669 208 726 252 
1351 1158 238 1217 292 
1351 1200 178 1248 219 
1351 1701 157 1784 198 
1351 790 172 833 212 
1351 738 142 776 178 
1351 1084 146 1119 178 
1381 526 328 616 394 
1381 0 531 131 776 
1381 709 263 776 326 
1381 1725 159 1856 259 
1381 1238 214 1292 257 
1381 664 196 720 245 
1381 813 146 851 184 
1381 1600 133 1664 173 
1381 1095 158 1136 194 
1381 1149 133 1182 164 
1381 755 141 791 172 
1411 1274 442 1412 550 
1411 521 309 612 389 
1411 70 670 286 841 
1411 488 509 629 646 
1411 1525 493 1706 611 
1411 1575 400 1713 482 
1411 1585 122 1676 199 
1411 1826 246 1903 295 
1411 686 185 738 231 
1411 756 220 806 267 
1411 624 191 666 227 
1411 1164 149 1205 185 
1411 1528 111 1572 146 
1441 623 378 711 468 
1441 1760 466 1914 614 
1441 559 276 640 361 
1441 1141 240 1211 299 
1441 471 282 534 334 
1441 55 632 285 831 
1441 1651 185 1721 226 
1441 1352 231 1412 282 
1441 1269 250 1350 314 
1441 1486 102 1561 164 
1441 513 203 563 241 
1441 1824 168 1905 216 
1441 647 170 684 206 
1471 1418 256 1557 350 
1471 184 527 365 716 
1471 327 293 414 346 
1471 77 520 227 634 
1471 530 244 589 293 
1471 1727 209 1806 255 
1471 1086 158 1131 198 
1471 1174 162 1221 202 
1471 1534 143 1589 182 
1471 1243 156 1286 193 
1471 1414 79 1478 132 
1471 1812 164 1907 209 
1471 1668 141 1739 184 
1471 146 1027 342 1079 
1501 277 408 378 489 
1501 1444 728 1667 893 
1501 1505 289 1596 343 
1501 1282 167 1362 224 
1501 0 487 84 588 
1501 1697 672 1914 829 
1501 1665 137 1725 182 
1501 1591 161 1650 203 
1501 575 169 621 201 
1501 1124 113 1164 147 
1501 1059 115 1095 146 
1501 672 145 709 178 
1531 1554 367 1666 434 
1531 1336 322 1432 389 
1531 1177 299 1255 363 
1531 1529 263 1613 314 
1531 1743 145 1876 201 
1531 1322 189 1375 228 
1531 1205 118 1257 164 
1531 592 199 650 240 
1531 456 235 511 278 
1531 1859 811 1917 928 
1531 1576 119 1624 164 
1531 724 163 766 199 
1531 656 150 701 190 
1531 557 171 595 207 
1531 1510 134 1555 175 
1561 1402 607 1584 743 
1561 214 356 312 423 
1561 1381 354 1483 426 
1561 432 295 521 357 
1561 1618 124 1704 174 
1561 557 208 617 262 
1561 1338 217 1397 260 
1561 633 239 695 286 
1561 1212 203 1269 246 
1561 412 241 478 295 
1561 1095 181 1148 220 
1561 1369 172 1415 217 
1561 1227 139 1268 173 
1561 1513 106 1555 142 
1591 1533 344 1672 437 
1591 357 321 454 412 
1591 120 380 252 467 
1591 1592 532 1788 674 
1591 1424 665 1626 814 
1591 431 416 529 491 
1591 34 524 211 653 
1591 1184 287 1260 344 
1591 1232 216 1289 261 
1591 1538 107 1604 155 
1591 1149 144 1190 177 
1591 1236 141 1292 177 
1591 1062 122 1096 154 
1621 1309 281 1397 344 
1621 1329 207 1407 263 
1621 1181 299 1265 359 
1621 1476 93 1535 131 
1621 1110 177 1157 218 
1621 675 151 712 182 
1621 745 152 778 183 
1651 1294 481 1445 617 
1651 672 210 725 255 
1651 584 209 638 253 
1651 1198 182 1252 227 
1651 1105 181 1153 222 
1651 1235 142 1280 185 
1651 1425 78 1476 118 
1681 394 335 481 400 
1681 536 326 621 394 
1681 1130 231 1203 299 
1681 1574 287 1673 343 
1681 1142 129 1185 165 
1681 1065 128 1097 157 
1711 130 640 330 810 
1711 1388 187 1445 226 
1711 742 220 794 266 
1711 1760 160 1861 204 
1711 1077 144 1121 190 
1711 0 684 36 796 
1711 683 111 720 147 
1711 782 160 816 195 
1741 589 384 691 474 
1741 1590 309 1683 364 
1741 1621 136 1695 179 
1741 700 237 754 284 
1741 608 145 658 191 
1741 696 173 744 215 
1741 1288 135 1328 168 
1771 1564 524 1716 629 
1771 491 410 600 498 
1771 593 246 665 316 
1771 486 207 555 263 
1771 1383 191 1433 227 
1771 701 172 745 214 
1771 1540 119 1589 156 
1771 756 117 793 153 
