1 1373 303 1454 353 
1 1193 169 1262 224 
31 1508 520 1673 626 
31 1491 291 1594 359 
31 1245 215 1295 252 
31 1148 142 1189 181 
31 780 191 819 227 
61 1541 566 1739 706 
61 1795 435 1907 571 
61 1253 287 1325 339 
61 701 283 764 337 
61 1326 206 1384 252 
61 690 205 733 239 
61 1175 166 1213 197 
91 436 566 574 693 
91 1465 267 1571 345 
91 1256 291 1337 356 
91 595 285 656 332 
91 1155 193 1199 233 
91 721 183 754 217 
91 670 146 708 183 
91 1236 159 1279 194 
121 1623 639 1860 781 
121 358 478 480 570 
121 1292 534 1490 701 
121 1318 192 1382 245 
121 745 240 791 285 
121 1151 198 1201 244 
121 651 234 702 278 
121 617 184 664 230 
121 708 169 750 210 
151 1588 585 1793 726 
151 612 402 700 481 
151 1594 347 1702 418 
151 1292 323 1374 381 
151 517 344 603 404 
151 1102 259 1177 325 
151 515 237 593 306 
151 646 229 697 273 
151 1232 151 1277 192 
181 1244 467 1360 556 
181 147 620 334 766 
181 310 348 442 446 
181 1532 399 1694 503 
181 1276 299 1356 364 
181 516 330 593 392 
181 383 286 449 333 
181 1366 229 1430 275 
181 1175 220 1226 259 
181 520 260 583 310 
181 649 171 697 211 
181 1047 171 1089 212 
181 589 225 634 262 
181 783 186 820 221 
211 323 378 428 469 
211 1615 449 1788 559 
211 67 443 190 526 
211 1299 239 1376 301 
211 166 569 336 719 
211 451 308 519 363 
211 570 216 629 265 
211 1112 264 1172 315 
211 1873 872 1916 994 
211 663 225 709 264 
211 721 262 772 308 
211 1169 206 1220 249 
211 1257 171 1297 204 
211 661 171 703 210 
211 0 619 53 788 
211 1110 167 1143 199 
241 1687 392 1818 466 
241 149 493 278 589 
241 572 428 669 513 
241 425 293 513 373 
241 1317 353 1422 432 
241 527 335 604 405 
241 1340 267 1425 326 
241 734 255 782 300 
241 586 210 640 258 
241 1194 172 1245 216 
241 1060 186 1098 220 
271 79 664 280 832 
271 600 417 688 497 
271 450 290 527 354 
271 80 468 258 618 
271 1427 252 1491 295 
271 639 245 690 290 
271 1171 217 1227 266 
271 1227 189 1277 232 
301 474 381 563 450 
301 146 460 295 570 
301 1501 391 1607 464 
301 735 233 780 272 
301 1296 185 1340 220 
301 609 209 650 245 
301 1140 150 1182 187 
331 1413 446 1540 540 
331 617 369 695 440 
331 504 271 566 321 
331 0 809 133 1054 
331 1292 247 1351 291 
331 717 183 757 221 
331 643 187 684 220 
331 789 167 822 197 
361 306 396 408 474 
361 129 891 352 1062 
361 1213 260 1276 310 
361 626 249 686 304 
361 559 238 611 282 
361 724 221 769 258 
361 1198 180 1238 214 
391 446 387 551 481 
391 406 332 486 393 
391 591 321 664 377 
391 1862 297 1919 362 
391 1127 187 1170 223 
421 1371 401 1476 474 
421 247 581 402 709 
421 1651 227 1746 278 
421 37 560 197 676 
421 0 849 58 1079 
421 519 215 572 257 
421 678 215 721 251 
451 1464 362 1569 432 
451 345 303 431 360 
451 575 297 640 347 
451 1828 291 1906 350 
451 1199 242 1255 285 
451 1512 179 1581 225 
451 633 189 671 222 
451 725 170 759 205 
481 1372 406 1500 497 
481 341 478 463 572 
481 0 495 107 610 
481 1633 225 1701 267 
481 1801 274 1893 335 
481 1279 235 1337 279 
481 511 255 562 294 
481 665 216 712 259 
481 1125 174 1161 205 
511 554 302 627 368 
511 1834 864 1917 1005 
511 243 389 341 455 
511 1197 245 1267 298 
511 1610 219 1682 263 
511 1786 281 1882 335 
511 1502 182 1555 221 
511 682 219 716 255 
511 1189 174 1232 207 
511 778 195 821 232 
511 647 157 699 205 
511 539 215 578 249 
541 1315 358 1415 424 
541 274 507 421 642 
541 1455 340 1569 420 
541 564 304 639 361 
541 360 299 434 354 
541 705 284 764 342 
541 558 195 633 269 
541 684 195 733 242 
541 1592 221 1669 263 
541 1488 177 1542 218 
541 621 244 678 295 
541 1125 177 1164 216 
571 1381 412 1487 487 
571 1773 242 1899 337 
571 588 270 660 332 
571 315 505 445 611 
571 483 524 614 660 
571 1529 410 1646 482 
571 1737 411 1907 532 
571 389 277 513 390 
571 481 375 565 440 
571 1176 225 1233 268 
571 1270 215 1335 270 
571 0 520 74 627 
571 1487 176 1538 214 
571 689 204 727 236 
601 371 427 503 545 
601 1468 271 1569 344 
601 1580 181 1663 251 
601 29 702 239 869 
601 1721 478 1905 580 
601 1300 250 1359 293 
601 600 274 657 320 
601 1204 248 1260 289 
601 0 486 203 740 
601 687 199 726 235 
601 1188 163 1228 199 
601 1112 168 1149 198 
631 396 434 499 516 
631 1397 292 1479 344 
631 593 279 653 324 
631 1332 202 1398 255 
631 1456 149 1520 200 
631 701 189 743 226 
631 1200 180 1240 213 
631 579 218 637 254 
631 1124 179 1162 209 
631 554 204 592 241 
661 377 447 486 540 
661 614 256 677 312 
661 468 300 529 354 
661 387 285 449 331 
661 1255 210 1311 250 
661 1370 121 1419 162 
661 1254 161 1296 195 
691 421 403 531 498 
691 1620 360 1774 465 
691 1389 412 1498 492 
691 148 489 289 590 
691 0 491 107 592 
691 1777 272 1880 330 
691 1180 156 1222 193 
721 1410 447 1541 538 
721 1381 230 1467 291 
721 1696 531 1877 638 
721 1207 246 1263 289 
721 1600 208 1673 258 
751 1373 300 1454 350 
751 1209 258 1274 306 
751 1270 169 1323 214 
751 1485 168 1540 208 
751 1127 175 1166 207 
781 1464 349 1565 412 
781 1595 510 1767 609 
781 1803 269 1900 335 
781 1241 209 1294 246 
781 1738 190 1846 235 
781 625 203 661 234 
781 1129 182 1172 218 
781 1203 134 1246 172 
781 587 176 623 211 
811 1515 293 1631 373 
811 1281 292 1356 343 
811 1288 231 1352 275 
811 480 291 544 336 
811 479 227 538 276 
811 666 217 713 255 
811 1605 212 1676 261 
811 774 199 818 233 
841 116 493 263 601 
841 1511 316 1600 373 
841 528 325 603 390 
841 281 321 378 391 
841 705 280 767 329 
841 1340 206 1407 256 
841 1159 204 1205 242 
841 1203 175 1244 210 
841 763 206 804 245 
841 1479 175 1527 212 
841 1522 150 1579 193 
871 1735 435 1884 517 
871 58 661 258 847 
871 524 485 640 584 
871 691 303 752 357 
871 1329 215 1384 254 
871 1247 158 1288 196 
871 1459 132 1505 166 
901 475 548 611 665 
901 1445 274 1516 318 
901 1239 166 1276 198 
931 1308 198 1357 231 
931 1658 186 1748 228 
931 1854 294 1918 348 
931 722 173 755 204 
961 1598 627 1779 740 
961 1672 238 1741 278 
961 657 231 701 270 
961 1546 161 1603 201 
961 706 182 752 222 
961 621 182 662 228 
991 1436 331 1545 407 
991 1594 362 1702 427 
991 1285 325 1359 382 
991 625 243 690 298 
991 1624 646 1839 779 
991 534 332 607 387 
991 514 259 575 314 
991 1540 190 1594 228 
991 1773 274 1869 328 
991 532 207 579 247 
991 1467 144 1515 177 
1021 212 579 368 698 
1021 291 392 404 477 
1021 462 363 569 455 
1021 1288 323 1371 384 
1021 1263 215 1321 264 
1021 352 291 431 353 
1021 1377 243 1441 288 
1021 1173 222 1222 260 
1021 1604 222 1671 261 
1021 619 200 660 237 
1021 666 224 710 260 
1021 1876 310 1919 365 
1051 0 483 94 608 
1051 1790 448 1911 549 
1051 556 313 625 366 
1051 0 719 197 992 
1051 504 265 565 322 
1051 1676 233 1770 285 
1051 1173 218 1221 256 
1051 678 216 723 256 
1051 1266 183 1310 218 
1051 599 214 644 251 
1051 1493 179 1549 218 
1051 1177 164 1220 201 
1081 1356 384 1488 492 
1081 283 522 424 627 
1081 251 408 365 506 
1081 573 296 645 357 
1081 1473 277 1558 335 
1081 470 292 537 345 
1081 1533 188 1606 234 
1111 166 471 300 569 
1111 1656 374 1769 447 
1111 322 488 464 603 
1111 1174 223 1247 283 
1111 1729 211 1913 329 
1111 1321 200 1378 243 
1111 1445 160 1495 198 
1141 1481 374 1606 454 
1141 1590 168 1727 264 
1141 1207 393 1305 490 
1141 1408 247 1472 290 
1141 581 231 627 269 
1141 767 196 813 237 
1141 700 193 738 229 
1141 1108 160 1149 198 
1141 1238 157 1278 190 
1141 662 113 710 161 
1171 421 331 498 389 
1171 695 271 762 339 
1171 1488 137 1595 220 
1171 1274 225 1336 275 
1171 1091 232 1148 286 
1171 609 260 674 315 
1171 601 122 668 199 
1171 686 199 727 235 
1171 639 261 737 331 
1171 1281 182 1330 220 
1201 394 421 508 523 
1201 0 581 168 708 
1201 514 451 642 603 
1201 584 277 646 326 
1201 503 164 589 257 
1201 1415 120 1493 185 
1201 1047 167 1086 201 
1201 1182 159 1229 195 
1231 348 452 467 546 
1231 305 231 448 373 
1231 1590 352 1702 420 
1231 1735 259 1830 305 
1231 1353 100 1420 158 
1231 642 191 680 224 
1261 519 271 579 320 
1261 1384 243 1447 285 
1261 0 379 117 633 
1261 1579 199 1638 237 
1261 1302 90 1358 141 
1291 200 467 322 558 
1291 773 202 813 236 
1291 1281 187 1324 219 
1291 1466 167 1515 197 
1321 1731 418 1895 517 
1321 686 302 756 354 
1321 1213 149 1249 178 
1351 1448 268 1530 323 
1351 1408 432 1526 512 
1351 406 601 560 740 
1351 720 169 755 202 
1381 1516 397 1650 492 
1381 1579 611 1790 756 
1381 1233 272 1297 319 
1381 1314 197 1368 238 
1381 657 223 701 261 
1381 749 143 783 175 
1411 1268 317 1355 384 
1411 532 320 604 375 
1411 1762 810 1909 983 
1411 1295 242 1367 303 
1411 1148 196 1193 231 
1411 1531 967 1919 1077 
1411 1688 185 1824 231 
1411 696 182 742 225 
1411 1235 156 1275 191 
1441 1762 566 1910 705 
1441 1192 384 1310 485 
1441 1324 366 1415 438 
1441 184 575 351 700 
1441 600 257 666 315 
1441 1570 160 1657 208 
1441 1159 213 1212 260 
1441 1204 178 1246 220 
1441 1775 201 1839 242 
1471 363 424 492 539 
1471 1380 299 1483 371 
1471 1301 551 1480 699 
1471 1590 605 1803 732 
1471 1188 237 1243 280 
1471 1091 237 1157 298 
1471 1614 178 1690 221 
1471 1491 145 1552 186 
1471 699 195 733 229 
1471 672 135 729 180 
1501 1549 321 1661 393 
1501 1286 318 1366 376 
1501 1127 291 1208 360 
1501 603 276 664 326 
1501 1241 204 1301 251 
1501 602 163 691 223 
1501 1707 192 1786 232 
1501 1045 175 1092 216 
1501 1426 127 1475 165 
1501 1126 174 1167 208 
1501 1523 156 1574 194 
1531 1395 412 1532 515 
1531 349 476 472 575 
1531 512 201 624 288 
1531 1347 216 1410 262 
1531 1170 215 1219 255 
1531 1588 168 1645 209 
1531 1067 198 1116 247 
1531 1169 156 1208 189 
1561 344 283 498 418 
1561 1211 248 1281 306 
1561 1581 618 1766 731 
1561 1464 812 1731 1015 
1561 1713 516 1907 665 
1561 312 306 377 371 
1561 1630 179 1707 222 
1561 623 202 663 236 
1561 1249 163 1289 198 
1561 1511 154 1557 188 
1561 1035 153 1070 189 
1591 1163 339 1246 404 
1591 1383 296 1487 375 
1591 1278 324 1353 377 
1591 0 448 249 737 
1591 511 272 569 316 
1591 1531 154 1592 200 
1591 482 237 527 276 
1591 1130 177 1177 219 
1591 701 194 740 228 
1591 625 182 666 225 
1621 1275 500 1405 602 
1621 284 418 383 483 
1621 281 338 366 396 
1621 1252 209 1312 261 
1621 604 275 668 321 
1621 525 249 579 296 
1621 1164 219 1213 258 
1621 1080 216 1123 254 
1621 1460 140 1510 175 
1621 641 199 678 229 
1621 548 203 593 244 
1621 537 221 587 267 
1651 1358 395 1463 471 
1651 1650 475 1809 580 
1651 332 356 430 435 
1651 357 475 482 564 
1651 1305 554 1504 715 
1651 1118 269 1177 319 
1651 540 259 597 305 
1651 410 269 480 324 
1651 1178 163 1220 202 
1681 127 401 245 494 
1681 1367 285 1446 342 
1681 345 383 434 452 
1681 1118 285 1201 351 
1681 1204 250 1261 292 
1681 1664 186 1749 227 
1681 1057 184 1096 220 
1711 1543 563 1719 683 
1711 618 265 672 311 
1711 1243 203 1294 244 
1711 1058 189 1102 232 
1711 1553 167 1615 202 
1711 1130 182 1170 216 
1741 424 418 528 494 
1741 1222 428 1332 520 
1741 1261 299 1336 354 
1741 1522 316 1617 371 
1741 1175 161 1212 193 
1741 641 184 678 221 
1771 1566 600 1740 713 
1771 1493 330 1633 454 
1771 1348 219 1401 258 
1771 537 243 591 291 
1771 1090 240 1145 286 
1771 1156 202 1202 243 
1771 703 193 739 225 
