1 489 619 591 697 
1 657 605 736 661 
1 498 488 588 521 
1 436 502 516 534 
1 379 494 463 522 
31 186 774 371 896 
31 434 750 574 860 
31 375 509 460 554 
31 488 486 591 521 
31 375 492 454 521 
31 412 501 511 532 
61 433 520 508 571 
61 492 485 585 523 
61 377 490 454 517 
61 420 503 500 534 
61 804 465 834 485 
91 473 535 539 584 
91 99 758 150 815 
91 489 486 585 523 
91 773 485 815 513 
91 374 496 467 525 
91 409 501 526 531 
91 1195 466 1228 485 
121 459 554 529 609 
121 723 514 768 545 
121 488 486 586 523 
121 384 497 479 528 
121 1172 459 1197 475 
151 409 579 494 647 
151 632 556 695 604 
151 419 502 514 532 
151 491 486 585 523 
151 381 495 462 521 
151 1161 452 1183 468 
181 477 643 573 707 
181 313 627 425 709 
181 411 501 507 531 
181 488 486 586 523 
181 1440 495 1508 519 
181 379 493 450 518 
181 1163 447 1183 462 
211 143 701 306 813 
211 70 842 287 963 
211 419 502 508 533 
211 492 485 582 524 
211 1406 493 1472 518 
211 380 495 450 521 
211 1170 442 1194 457 
211 844 437 874 457 
241 13 857 91 998 
241 1389 492 1453 518 
241 440 505 512 536 
241 489 487 587 523 
241 379 496 452 524 
271 423 501 521 532 
271 1384 491 1448 517 
271 489 489 591 522 
271 375 491 448 518 
301 1400 725 1528 816 
301 420 502 525 534 
301 490 487 588 522 
301 1383 492 1449 518 
301 383 495 458 523 
331 1261 599 1335 652 
331 1381 491 1446 517 
331 491 489 589 522 
331 415 502 520 534 
331 378 495 455 523 
361 1317 854 1474 975 
361 1197 539 1245 578 
361 491 486 588 521 
361 376 493 451 522 
361 1385 492 1446 517 
361 408 501 491 531 
361 897 465 930 487 
391 1184 644 1263 705 
391 1158 502 1199 532 
391 426 500 515 533 
391 491 486 587 522 
391 1386 491 1451 518 
391 882 479 922 506 
391 389 494 460 522 
421 1588 897 1815 1046 
421 1123 562 1178 603 
421 866 503 908 535 
421 429 501 515 534 
421 489 486 589 521 
421 1391 492 1448 518 
421 379 495 463 522 
421 1134 476 1168 504 
421 854 466 882 486 
421 901 472 934 496 
421 912 459 937 481 
451 1325 656 1419 727 
451 831 536 882 576 
451 1099 518 1136 544 
451 427 501 514 534 
451 491 488 590 522 
451 1385 489 1453 517 
451 381 494 468 521 
451 833 482 866 510 
451 855 484 893 513 
451 1122 464 1151 487 
451 885 495 918 519 
451 927 450 954 470 
451 897 468 923 489 
481 783 586 850 643 
481 1218 565 1274 612 
481 861 520 905 562 
481 1386 485 1451 515 
481 429 502 517 535 
481 379 494 461 522 
481 487 489 589 521 
481 1082 489 1117 516 
481 811 499 863 529 
481 804 504 843 533 
481 1120 453 1145 473 
481 878 487 914 514 
481 908 458 940 481 
481 838 472 876 496 
481 855 525 904 539 
511 682 687 782 772 
511 823 565 880 610 
511 1165 517 1205 554 
511 753 536 803 575 
511 861 514 906 551 
511 429 500 511 534 
511 1380 489 1446 516 
511 487 486 587 521 
511 380 493 466 521 
511 813 486 850 517 
511 1163 517 1203 539 
511 859 510 900 539 
511 894 471 926 495 
511 1132 445 1154 460 
511 1075 471 1101 489 
541 407 935 621 1075 
541 1569 937 1793 1079 
541 752 645 831 706 
541 684 588 753 642 
541 828 545 882 593 
541 770 513 820 552 
541 878 489 919 520 
541 428 500 510 533 
541 1376 490 1442 517 
541 489 487 589 522 
541 382 490 455 518 
541 775 515 816 542 
541 1129 486 1163 516 
541 1078 458 1101 473 
541 908 461 933 481 
541 1151 438 1173 453 
571 549 684 648 766 
571 570 825 711 953 
571 768 603 842 670 
571 1316 671 1407 738 
571 710 554 768 602 
571 854 514 900 552 
571 1372 486 1444 516 
571 425 500 517 530 
571 495 483 590 523 
571 382 491 454 519 
571 863 510 897 542 
571 893 479 923 499 
571 1115 468 1142 491 
571 1088 445 1111 461 
601 606 627 691 693 
601 646 720 761 827 
601 218 908 419 1079 
601 1223 575 1277 618 
601 818 549 875 599 
601 425 502 507 535 
601 488 488 589 522 
601 882 496 917 525 
601 1388 489 1458 519 
601 387 496 467 524 
601 1113 451 1138 475 
631 391 775 536 887 
631 745 622 823 691 
631 359 1039 519 1079 
631 856 521 904 561 
631 1171 521 1214 558 
631 1694 1036 1912 1079 
631 489 488 590 523 
631 422 503 512 534 
631 1375 490 1449 518 
631 381 496 466 523 
631 1174 524 1213 539 
631 859 522 902 539 
631 1122 446 1144 464 
661 1399 732 1520 820 
661 583 770 721 900 
661 819 564 875 613 
661 1145 493 1178 521 
661 1374 486 1448 516 
661 487 484 585 523 
661 432 502 522 534 
661 377 495 456 523 
661 1142 439 1165 455 
691 1290 629 1368 681 
691 744 643 820 710 
691 420 502 514 533 
691 1381 487 1444 517 
691 489 488 588 523 
691 1125 472 1156 495 
691 386 496 467 526 
691 905 462 938 485 
721 579 810 709 939 
721 1240 578 1300 628 
721 440 504 514 537 
721 1381 488 1443 516 
721 498 489 588 524 
721 897 481 934 508 
721 382 497 460 524 
721 1121 460 1145 477 
721 890 480 924 503 
721 857 458 886 481 
751 1209 553 1264 594 
751 1379 486 1447 515 
751 387 490 460 520 
751 420 502 513 534 
751 490 488 590 522 
751 870 501 911 530 
751 824 478 860 504 
751 1129 449 1149 465 
751 881 480 913 503 
781 1713 742 1863 850 
781 1189 540 1236 575 
781 778 503 825 541 
781 843 523 889 570 
781 429 500 515 533 
781 1381 487 1450 518 
781 486 487 591 523 
781 383 495 472 522 
781 856 501 896 533 
781 1145 439 1167 455 
781 901 419 942 458 
811 1546 640 1643 709 
811 702 548 769 604 
811 784 578 841 632 
811 825 534 875 580 
811 1182 530 1224 562 
811 1377 486 1448 516 
811 491 485 589 522 
811 434 502 507 537 
811 379 493 464 522 
811 1176 527 1220 539 
811 912 456 937 476 
841 553 638 655 728 
841 1466 591 1535 643 
841 1721 787 1894 897 
841 687 670 775 747 
841 769 592 837 649 
841 1171 519 1217 556 
841 416 499 519 532 
841 492 486 571 520 
841 1378 484 1451 515 
841 388 495 468 521 
841 1178 522 1211 539 
841 881 428 918 463 
841 902 459 933 483 
871 666 695 770 779 
871 1549 659 1654 734 
871 447 886 619 1044 
871 75 904 355 1079 
871 1432 558 1487 602 
871 1168 518 1212 554 
871 439 499 538 533 
871 493 486 582 523 
871 1350 484 1427 516 
871 619 489 705 518 
871 1171 517 1208 538 
871 871 429 914 468 
871 899 464 928 485 
901 1463 603 1540 656 
901 398 940 606 1079 
901 1167 517 1209 552 
901 1417 540 1466 581 
901 435 506 504 535 
901 1283 490 1347 515 
901 488 490 559 522 
901 731 487 805 517 
901 581 480 639 511 
901 856 429 904 472 
901 1171 516 1205 537 
901 899 465 929 486 
901 489 469 573 521 
901 812 458 836 475 
931 1426 561 1489 614 
931 1165 518 1205 553 
931 1428 533 1474 570 
931 497 492 580 523 
931 434 503 515 535 
931 610 485 695 514 
931 344 485 410 520 
931 862 484 937 517 
931 1365 480 1442 510 
931 1203 492 1262 517 
931 901 467 928 488 
931 1169 519 1201 537 
931 854 434 896 474 
961 1169 517 1211 552 
961 1413 543 1464 586 
961 1118 491 1160 519 
961 484 489 578 523 
961 690 483 787 515 
961 843 435 895 476 
961 983 481 1044 508 
961 431 499 544 529 
961 1371 483 1445 510 
961 1452 505 1508 537 
961 1107 493 1172 519 
961 898 465 927 486 
961 1170 518 1206 535 
991 1688 831 1900 949 
991 1166 517 1211 551 
991 1417 539 1461 575 
991 491 490 576 523 
991 429 503 515 533 
991 1009 496 1072 524 
991 809 485 877 515 
991 594 491 682 519 
991 1368 481 1452 511 
991 898 465 927 487 
991 1170 516 1206 537 
991 846 435 890 479 
991 1071 476 1124 497 
1021 1452 670 1569 740 
1021 1167 517 1211 551 
1021 1435 524 1487 565 
1021 918 495 980 531 
1021 734 485 811 516 
1021 490 490 576 523 
1021 434 502 520 534 
1021 1366 481 1439 509 
1021 1443 518 1498 550 
1021 1169 517 1206 537 
1021 1133 470 1163 489 
1021 845 436 888 485 
1021 930 484 981 510 
1021 897 473 931 499 
1051 1352 602 1426 651 
1051 1167 518 1209 551 
1051 856 513 907 553 
1051 970 475 1020 502 
1051 1355 488 1429 516 
1051 488 489 577 523 
1051 426 502 516 531 
1051 353 489 431 520 
1051 1027 477 1084 503 
1051 843 447 921 480 
1051 866 506 925 543 
1051 1153 462 1181 481 
1051 1170 517 1204 537 
1051 845 436 888 489 
1051 855 521 904 537 
1051 900 465 930 486 
1081 1300 565 1359 607 
1081 820 528 867 569 
1081 1167 518 1208 551 
1081 421 504 516 536 
1081 974 477 1058 504 
1081 541 481 620 511 
1081 1370 483 1447 510 
1081 498 489 571 519 
1081 1160 455 1185 474 
1081 898 465 925 486 
1081 844 436 886 484 
1081 822 531 862 539 
1081 1023 471 1061 496 
1081 1128 497 1180 522 
1081 1109 474 1146 498 
1081 1171 519 1206 536 
1111 798 554 848 601 
1111 1272 546 1326 582 
1111 1168 519 1209 553 
1111 938 505 994 535 
1111 1052 472 1112 504 
1111 485 489 577 524 
1111 731 481 806 512 
1111 367 494 467 526 
1111 417 497 520 532 
1111 1365 483 1444 513 
1111 844 438 887 485 
1111 1169 517 1204 538 
1111 898 466 926 487 
1111 1147 471 1171 488 
1111 1169 448 1191 464 
1141 766 593 828 641 
1141 1251 529 1302 564 
1141 1168 519 1211 555 
1141 784 537 835 574 
1141 420 504 508 535 
1141 497 488 579 518 
1141 892 479 962 507 
1141 1363 482 1440 516 
1141 1121 468 1170 502 
1141 843 438 889 482 
1141 1169 517 1202 537 
1141 1252 527 1293 539 
1141 1065 464 1088 482 
1141 1116 472 1154 495 
1141 1158 463 1180 481 
1141 1178 442 1201 458 
1171 724 645 798 706 
1171 669 589 729 635 
1171 1242 520 1291 556 
1171 1167 517 1210 554 
1171 423 502 516 533 
1171 488 488 578 523 
1171 1024 471 1092 502 
1171 722 488 794 517 
1171 1363 483 1437 514 
1171 841 442 895 480 
1171 898 466 924 486 
1171 1011 474 1071 500 
1171 1167 517 1203 538 
1171 1130 467 1158 485 
1171 1071 458 1094 474 
1171 1156 456 1180 473 
1171 1243 523 1283 538 
1201 637 728 743 819 
1201 472 724 578 804 
1201 1239 517 1285 553 
1201 1166 516 1208 554 
1201 425 503 512 533 
1201 490 488 577 522 
1201 874 481 948 512 
1201 1357 484 1435 515 
1201 1099 468 1143 493 
1201 1238 519 1280 538 
1201 845 440 888 483 
1201 1161 450 1181 466 
1201 1166 519 1202 537 
1201 897 468 927 488 
1201 1079 452 1102 470 
1201 1123 460 1146 479 
1231 458 902 630 1062 
1231 1239 518 1285 553 
1231 1166 517 1208 554 
1231 425 502 514 532 
1231 487 489 575 524 
1231 990 481 1048 502 
1231 1363 485 1436 513 
1231 1239 519 1280 538 
1231 845 441 886 485 
1231 898 466 925 486 
1231 1125 461 1157 485 
1231 1166 517 1205 538 
1231 1118 453 1139 469 
1231 1086 447 1106 462 
1261 1239 518 1286 554 
1261 1167 517 1209 554 
1261 487 489 577 522 
1261 433 503 520 534 
1261 1359 487 1429 515 
1261 1068 474 1109 498 
1261 841 441 887 481 
1261 1238 520 1280 538 
1261 1143 456 1171 476 
1261 898 467 925 487 
1261 1119 444 1142 462 
1261 1165 519 1204 537 
1291 1238 518 1285 554 
1291 1167 517 1209 554 
1291 490 490 574 523 
1291 1363 484 1434 514 
1291 438 503 525 534 
1291 826 446 906 476 
1291 1238 520 1280 538 
1291 1103 468 1132 487 
1291 1155 449 1181 468 
1291 898 467 924 487 
1291 844 441 886 485 
1291 1165 519 1205 537 
1291 1137 439 1158 455 
1291 1101 441 1122 454 
1321 1239 517 1285 553 
1321 1166 517 1208 554 
1321 1361 484 1434 515 
1321 460 499 566 530 
1321 1238 519 1281 538 
1321 898 467 924 487 
1321 491 489 576 523 
1321 843 440 886 484 
1321 1167 518 1204 537 
1321 1164 439 1191 459 
1321 1110 461 1134 479 
1351 1240 518 1286 553 
1351 1166 517 1210 554 
1351 1362 485 1433 515 
1351 481 494 581 529 
1351 1240 519 1280 538 
1351 1114 454 1138 472 
1351 898 467 925 487 
1351 842 440 885 485 
1351 1166 517 1206 538 
1381 1238 518 1285 553 
1381 1167 518 1209 554 
1381 521 493 605 526 
1381 1363 484 1431 514 
1381 1239 519 1281 539 
1381 898 467 925 487 
1381 1121 447 1144 464 
1381 844 441 887 485 
1381 1166 520 1206 537 
1411 1239 518 1286 553 
1411 1167 518 1209 554 
1411 645 498 730 527 
1411 1369 486 1438 513 
1411 1453 487 1523 512 
1411 344 498 426 528 
1411 601 491 691 520 
1411 837 447 904 477 
1411 1240 519 1281 539 
1411 898 468 926 487 
1411 1167 520 1206 537 
1411 1135 441 1159 457 
1411 845 443 885 485 
1441 1239 518 1285 553 
1441 1167 518 1208 554 
1441 433 502 515 531 
1441 804 498 882 533 
1441 1385 483 1454 516 
1441 706 490 781 520 
1441 350 493 418 524 
1441 1240 519 1281 538 
1441 898 467 925 487 
1441 843 440 887 485 
1441 1166 519 1206 537 
1471 1239 518 1285 552 
1471 1167 518 1209 553 
1471 439 494 525 526 
1471 538 501 614 528 
1471 1363 484 1437 516 
1471 844 486 917 520 
1471 956 498 1059 527 
1471 1239 518 1281 538 
1471 846 436 886 479 
1471 1165 518 1206 538 
1471 898 466 926 487 
1501 1236 519 1283 552 
1501 1166 515 1209 551 
1501 688 498 768 528 
1501 999 489 1068 516 
1501 557 489 641 520 
1501 1325 484 1395 512 
1501 1463 476 1533 510 
1501 1238 519 1282 537 
1501 898 466 925 486 
1501 844 439 885 484 
1501 1164 502 1241 530 
1531 1170 515 1209 552 
1531 1241 520 1285 553 
1531 1377 493 1459 526 
1531 390 496 516 529 
1531 719 484 803 519 
1531 1253 472 1331 502 
1531 840 497 928 534 
1531 1243 519 1281 539 
1531 843 440 887 485 
1531 1169 493 1251 523 
1531 898 467 925 487 
1561 1239 518 1285 551 
1561 1166 520 1208 554 
1561 602 494 669 526 
1561 1018 495 1106 526 
1561 1349 489 1434 519 
1561 902 485 983 518 
1561 542 488 603 517 
1561 1131 474 1240 510 
1561 1241 518 1281 539 
1561 843 440 887 484 
1561 898 466 928 486 
1561 1170 517 1205 537 
1591 1166 518 1207 553 
1591 1239 514 1284 551 
1591 697 491 777 520 
1591 997 481 1081 508 
1591 785 493 854 525 
1591 1079 483 1172 519 
1591 1253 493 1308 518 
1591 898 465 925 486 
1591 844 440 886 484 
1591 1171 517 1203 536 
1621 1238 519 1282 552 
1621 1168 521 1209 554 
1621 1146 477 1225 507 
1621 867 484 953 519 
1621 975 490 1053 522 
1621 1324 496 1411 524 
1621 1396 496 1482 530 
1621 1239 520 1282 538 
1621 844 438 887 481 
1621 899 466 929 486 
1621 1165 520 1205 537 
1621 1167 473 1217 503 
1651 1166 516 1207 552 
1651 1237 517 1282 552 
1651 679 482 750 510 
1651 1302 483 1368 510 
1651 1044 489 1125 519 
1651 1175 496 1261 529 
1651 790 475 876 506 
1651 1358 485 1417 511 
1651 898 465 925 486 
1651 1241 518 1282 537 
1651 1044 471 1112 508 
1681 1167 518 1209 555 
1681 1242 512 1289 550 
1681 1147 478 1222 512 
1681 620 470 714 505 
1681 1379 497 1469 529 
1681 888 468 967 504 
1681 1235 498 1308 528 
1681 499 478 577 505 
1681 846 440 886 484 
1681 1166 519 1205 537 
1711 1239 518 1284 552 
1711 1166 518 1209 553 
1711 1002 479 1070 504 
1711 738 471 822 501 
1711 1429 499 1511 530 
1711 453 475 547 508 
1711 1239 519 1281 538 
1711 844 438 886 483 
1711 1168 517 1205 538 
1711 897 465 925 486 
1741 1240 518 1285 553 
1741 1167 518 1210 553 
1741 842 467 913 507 
1741 1392 486 1461 513 
1741 1441 487 1485 511 
1741 1239 519 1281 538 
1741 1168 517 1205 538 
1741 844 437 886 474 
1741 900 466 925 487 
1771 1165 517 1209 554 
1771 1241 519 1285 553 
1771 403 475 491 506 
1771 674 476 743 504 
1771 1203 489 1292 517 
1771 1365 488 1431 514 
1771 845 446 901 476 
1771 844 433 888 485 
1771 898 466 925 487 
1771 1241 520 1281 538 
1771 1166 517 1206 538 
