1 1163 518 1205 546 
1 1237 491 1311 531 
1 1063 476 1139 506 
1 370 501 458 531 
1 480 487 562 516 
1 1446 496 1526 525 
1 896 479 965 507 
1 1366 489 1431 514 
1 794 463 827 485 
31 1165 520 1202 552 
31 475 486 562 515 
31 597 500 675 528 
31 1440 501 1515 535 
31 914 469 991 503 
31 1106 476 1179 505 
31 704 480 793 510 
31 1337 487 1412 510 
31 1162 518 1205 539 
31 793 463 827 485 
61 1266 781 1413 897 
61 1161 520 1204 552 
61 481 480 567 513 
61 1364 484 1427 514 
61 941 475 1044 505 
61 1085 482 1163 506 
61 767 470 825 497 
61 813 498 897 527 
61 1162 519 1204 539 
91 1177 639 1262 710 
91 1160 519 1200 553 
91 1038 499 1116 529 
91 476 489 560 517 
91 598 475 669 504 
91 1185 474 1247 507 
91 1369 488 1435 516 
91 812 480 890 508 
91 1431 485 1493 511 
91 1163 519 1203 539 
121 1513 748 1646 845 
121 1135 580 1197 633 
121 1159 517 1209 550 
121 609 478 694 508 
121 1011 473 1080 502 
121 1258 498 1340 533 
121 465 486 559 515 
121 1371 485 1433 514 
121 1162 518 1203 539 
121 792 465 823 487 
151 1392 637 1482 700 
151 1115 548 1169 590 
151 1411 1034 1597 1079 
151 1163 520 1204 555 
151 472 485 563 515 
151 1368 486 1433 514 
151 828 470 892 503 
151 1122 478 1183 507 
151 1458 495 1541 528 
151 1434 489 1504 517 
151 1161 518 1205 539 
181 1457 804 1616 908 
181 1261 787 1387 883 
181 1334 586 1400 637 
181 1167 521 1209 553 
181 1107 531 1147 567 
181 1367 484 1430 515 
181 627 473 720 502 
181 475 487 564 516 
181 1267 485 1333 509 
181 941 476 1013 501 
181 1163 519 1205 539 
181 1106 525 1147 539 
211 1194 677 1281 742 
211 1333 677 1431 745 
211 1294 560 1352 599 
211 1397 1030 1590 1079 
211 1097 519 1137 555 
211 1161 519 1203 552 
211 1360 484 1432 517 
211 770 469 826 501 
211 458 483 560 516 
211 1074 479 1161 505 
211 1162 520 1204 539 
211 1098 519 1138 538 
241 1264 803 1396 910 
241 1266 615 1336 665 
241 1154 615 1227 671 
241 1095 514 1136 545 
241 1159 519 1203 550 
241 1267 541 1317 577 
241 1359 484 1432 517 
241 477 489 553 518 
241 891 476 963 504 
241 561 476 632 504 
241 1162 519 1203 539 
271 1201 697 1295 771 
271 1375 1006 1573 1079 
271 1222 578 1290 623 
271 1135 575 1194 629 
271 1092 514 1136 551 
271 1254 527 1302 560 
271 1157 516 1209 550 
271 473 485 557 517 
271 687 474 755 501 
271 1358 486 1431 517 
271 347 479 429 505 
271 1161 518 1204 539 
271 1098 512 1137 538 
271 1255 528 1292 539 
301 1275 825 1405 934 
301 1172 633 1251 693 
301 1209 555 1260 595 
301 1125 560 1178 603 
301 1247 519 1289 553 
301 1095 511 1136 543 
301 1164 514 1207 549 
301 481 481 568 513 
301 1366 484 1429 515 
301 1162 519 1204 539 
301 1245 522 1286 539 
301 794 463 827 486 
331 1226 736 1328 816 
331 1152 599 1222 653 
331 1239 520 1282 557 
331 1111 535 1158 580 
331 1190 539 1245 580 
331 1095 514 1136 544 
331 1219 529 1266 571 
331 1164 516 1202 550 
331 1362 486 1434 516 
331 472 486 560 515 
331 1162 519 1204 539 
331 1242 519 1282 538 
331 795 464 826 486 
361 1752 803 1907 909 
361 1199 680 1280 746 
361 1140 579 1200 627 
361 1232 518 1281 555 
361 1651 1041 1872 1079 
361 1094 515 1134 553 
361 1173 534 1215 566 
361 1105 532 1147 569 
361 475 487 559 516 
361 1360 486 1439 519 
361 1442 490 1510 520 
361 1238 519 1280 539 
361 1162 519 1204 539 
361 1096 514 1136 538 
361 795 465 825 485 
391 1468 827 1637 938 
391 1565 666 1667 736 
391 1175 641 1248 700 
391 1129 568 1188 613 
391 1236 516 1282 554 
391 1092 515 1135 555 
391 1183 532 1222 566 
391 475 485 557 515 
391 1427 491 1497 518 
391 1359 486 1429 514 
391 1236 517 1277 539 
391 1094 512 1136 537 
391 1159 518 1205 539 
391 795 464 826 485 
421 1478 602 1546 655 
421 1356 718 1482 806 
421 1159 611 1226 671 
421 1235 517 1281 554 
421 1122 552 1177 602 
421 1095 513 1135 543 
421 1173 536 1217 571 
421 474 488 552 516 
421 1360 486 1430 514 
421 1430 487 1484 516 
421 1156 517 1208 539 
421 1234 516 1276 539 
421 794 463 826 485 
451 1327 883 1513 1036 
451 1716 731 1871 838 
451 1307 657 1403 721 
451 1638 986 1870 1079 
451 1429 565 1487 610 
451 1151 599 1215 653 
451 1234 516 1279 555 
451 1120 544 1171 589 
451 1095 512 1135 544 
451 1167 534 1217 571 
451 398 489 491 520 
451 1365 489 1428 515 
451 1396 491 1468 517 
451 448 482 530 510 
451 1234 515 1276 539 
451 1156 517 1207 539 
451 796 464 826 485 
481 1470 808 1618 915 
481 1236 743 1363 839 
481 1567 643 1676 717 
481 1818 917 1919 1032 
481 1268 619 1347 675 
481 1414 542 1461 581 
481 1144 591 1205 639 
481 1234 516 1281 552 
481 1172 530 1220 569 
481 1095 512 1135 544 
481 1123 547 1171 589 
481 1104 526 1156 567 
481 454 490 546 521 
481 1397 488 1480 520 
481 1233 515 1276 539 
481 1157 519 1211 539 
481 795 463 826 485 
511 1555 730 1692 813 
511 1200 673 1297 751 
511 1387 715 1495 793 
511 1481 594 1560 651 
511 1249 593 1315 642 
511 1139 583 1202 630 
511 1419 528 1469 568 
511 1235 515 1280 552 
511 1093 512 1136 545 
511 1103 527 1147 567 
511 1171 530 1217 566 
511 474 487 556 519 
511 1390 490 1474 520 
511 1233 515 1276 538 
511 1155 518 1209 539 
511 794 464 826 485 
541 1178 638 1260 705 
541 1432 646 1525 705 
541 1330 660 1419 726 
541 1227 574 1295 622 
541 1137 579 1195 630 
541 1430 560 1492 612 
541 1094 514 1135 545 
541 1160 527 1212 562 
541 468 489 551 524 
541 1371 487 1442 514 
541 1393 493 1508 524 
541 1158 519 1206 539 
541 1232 516 1275 538 
541 794 464 826 485 
571 1288 630 1372 685 
571 1163 609 1238 676 
571 1363 596 1428 647 
571 1406 543 1459 587 
571 1217 566 1280 611 
571 1093 514 1133 544 
571 1133 573 1184 623 
571 1169 524 1214 558 
571 1238 516 1281 550 
571 1096 529 1150 565 
571 472 486 554 520 
571 976 476 1045 504 
571 1374 487 1471 521 
571 1156 518 1206 539 
571 1233 515 1275 539 
571 794 464 824 485 
601 1265 604 1337 661 
601 1151 603 1225 666 
601 1406 530 1456 572 
601 1321 564 1374 610 
601 1211 561 1271 606 
601 1095 512 1135 543 
601 1105 528 1148 564 
601 1169 527 1210 560 
601 1129 571 1185 613 
601 1118 550 1165 589 
601 465 489 548 522 
601 735 474 811 505 
601 1379 490 1466 521 
601 1231 515 1274 538 
601 1156 518 1208 539 
631 1254 596 1315 648 
631 1428 519 1488 565 
631 1148 594 1225 659 
631 1286 547 1339 589 
631 1094 511 1135 542 
631 1173 531 1213 563 
631 1104 526 1147 563 
631 1190 543 1247 580 
631 1244 514 1284 546 
631 1119 545 1165 584 
631 1127 533 1182 566 
631 1213 559 1269 601 
631 478 484 561 519 
631 1426 508 1507 545 
631 1387 488 1471 520 
631 1233 515 1276 539 
631 1157 519 1208 539 
631 794 463 826 485 
661 1526 872 1696 987 
661 1243 589 1308 636 
661 1149 594 1220 657 
661 1094 514 1135 544 
661 1117 542 1159 579 
661 1105 529 1146 566 
661 1191 541 1238 578 
661 1242 520 1286 554 
661 1173 534 1213 566 
661 1273 542 1322 575 
661 1218 552 1270 591 
661 472 489 551 522 
661 1389 492 1460 519 
661 1482 505 1554 542 
661 1233 516 1275 539 
661 1157 518 1208 539 
661 794 464 826 485 
691 1417 766 1542 852 
691 1631 1023 1874 1079 
691 1149 598 1221 657 
691 1234 583 1301 630 
691 1095 514 1135 544 
691 1120 542 1160 578 
691 1199 542 1239 577 
691 1238 528 1300 566 
691 1172 532 1216 566 
691 1133 526 1182 559 
691 466 492 557 520 
691 1402 494 1473 521 
691 1371 488 1434 517 
691 1233 516 1273 538 
691 1157 519 1206 539 
691 793 465 825 486 
721 1359 704 1459 774 
721 1507 860 1695 987 
721 1146 596 1222 658 
721 1231 578 1296 623 
721 1095 514 1135 544 
721 1119 544 1161 581 
721 1107 531 1149 566 
721 1248 530 1300 565 
721 1197 542 1240 578 
721 1169 533 1208 564 
721 1126 522 1177 556 
721 1144 543 1251 639 
721 478 489 564 522 
721 1397 493 1466 520 
721 1156 518 1206 539 
721 1231 517 1277 538 
721 794 465 825 485 
751 1429 779 1574 880 
751 1322 664 1406 728 
751 1231 575 1294 620 
751 1146 595 1223 656 
751 1094 512 1136 544 
751 1103 528 1145 562 
751 1117 546 1161 583 
751 1197 541 1241 578 
751 1168 529 1216 564 
751 1235 526 1290 562 
751 1160 518 1204 544 
751 1129 523 1180 556 
751 1399 491 1470 520 
751 484 491 578 519 
751 1232 516 1281 539 
751 795 462 825 484 
781 1381 732 1504 821 
781 1342 935 1527 1079 
781 1292 639 1372 697 
781 1233 576 1294 619 
781 1146 595 1222 655 
781 1094 511 1135 542 
781 1167 530 1210 563 
781 1104 529 1146 564 
781 1194 539 1239 576 
781 1117 547 1161 585 
781 1246 522 1291 554 
781 1129 524 1180 557 
781 1129 565 1182 604 
781 470 488 556 517 
781 1397 491 1468 519 
781 573 496 659 525 
781 1157 518 1208 539 
781 1231 516 1282 539 
781 794 462 826 485 
811 1260 804 1396 908 
811 1355 701 1467 778 
811 1634 758 1795 856 
811 1275 624 1350 680 
811 1722 920 1917 1079 
811 1146 595 1222 656 
811 1229 570 1292 618 
811 1094 512 1135 543 
811 1104 528 1146 563 
811 1118 547 1161 584 
811 1168 531 1210 563 
811 1195 541 1240 577 
811 1246 523 1293 555 
811 1127 523 1179 556 
811 472 486 556 515 
811 694 492 772 525 
811 1398 491 1470 519 
811 1156 519 1208 539 
811 1230 516 1282 539 
811 793 463 826 485 
841 1219 739 1332 823 
841 1520 680 1634 755 
841 1581 771 1739 883 
841 1339 682 1442 754 
841 1365 989 1629 1079 
841 1147 596 1219 656 
841 1268 616 1335 665 
841 1231 567 1289 613 
841 1095 513 1135 543 
841 1118 545 1160 582 
841 1105 531 1148 564 
841 1197 541 1241 577 
841 1168 532 1207 564 
841 1160 518 1204 543 
841 1239 526 1298 560 
841 471 486 555 516 
841 857 495 937 521 
841 1398 490 1470 517 
841 1229 517 1283 539 
841 794 463 826 485 
871 1197 701 1301 775 
871 1497 690 1629 776 
871 1323 668 1428 740 
871 1454 638 1553 702 
871 1684 1022 1881 1076 
871 1296 840 1586 1077 
871 1147 594 1221 655 
871 1259 608 1325 658 
871 1090 512 1135 540 
871 1108 537 1151 568 
871 1236 570 1290 613 
871 1117 550 1161 587 
871 1196 543 1240 579 
871 1168 533 1209 564 
871 1130 535 1185 567 
871 1249 533 1297 567 
871 1161 518 1205 543 
871 476 485 557 514 
871 1394 489 1465 518 
871 1034 493 1127 517 
871 1231 517 1284 539 
901 1185 676 1274 744 
901 1549 865 1756 1005 
901 1403 609 1489 665 
901 1312 656 1406 721 
901 1456 654 1565 729 
901 1268 774 1508 1064 
901 1148 593 1221 655 
901 1255 608 1324 654 
901 1094 512 1135 543 
901 1103 528 1146 563 
901 1195 544 1238 581 
901 1169 533 1210 565 
901 1160 518 1205 544 
901 1117 556 1162 592 
901 1123 532 1178 565 
901 1228 571 1276 610 
901 472 485 558 516 
901 1402 489 1459 516 
901 1272 501 1358 529 
901 795 465 826 485 
901 1231 516 1270 538 
931 1428 630 1521 703 
931 1468 783 1623 896 
931 1178 664 1258 729 
931 1395 1012 1605 1079 
931 1371 589 1446 640 
931 1228 727 1443 954 
931 1299 651 1389 707 
931 1147 593 1217 649 
931 1259 606 1323 651 
931 1094 513 1135 544 
931 1112 534 1153 569 
931 1195 544 1240 582 
931 1242 528 1299 566 
931 1169 534 1210 566 
931 1117 556 1160 591 
931 1160 517 1204 543 
931 473 485 565 516 
931 1374 483 1439 516 
931 1231 518 1285 539 
931 795 464 826 485 
961 1395 615 1490 682 
961 1344 916 1527 1079 
961 1414 737 1547 832 
961 1222 710 1419 887 
961 1172 644 1243 709 
961 1347 570 1413 622 
961 1292 638 1378 697 
961 1252 598 1317 647 
961 1093 513 1135 544 
961 1148 596 1214 649 
961 1105 529 1146 565 
961 1117 543 1160 580 
961 1243 529 1299 567 
961 1196 547 1238 585 
961 1172 535 1209 567 
961 1225 572 1275 611 
961 1377 487 1440 519 
961 475 485 561 517 
961 1156 518 1208 539 
961 1231 517 1284 539 
961 795 464 826 486 
991 1327 865 1496 1038 
991 1385 710 1507 801 
991 1375 603 1460 665 
991 1167 638 1238 703 
991 1330 556 1392 608 
991 1210 699 1394 867 
991 1290 634 1368 691 
991 1094 512 1135 542 
991 1150 598 1218 651 
991 1241 523 1284 558 
991 1118 541 1161 578 
991 1238 592 1296 637 
991 1169 535 1207 565 
991 1198 547 1242 584 
991 1129 530 1182 564 
991 1131 570 1184 609 
991 472 485 567 516 
991 1402 489 1470 516 
991 1230 517 1280 539 
991 1157 518 1207 539 
991 795 464 825 485 
1021 1313 844 1467 996 
1021 1367 696 1486 781 
1021 1398 996 1635 1079 
1021 1206 698 1379 851 
1021 1370 595 1438 653 
1021 1287 634 1363 689 
1021 1315 553 1375 607 
1021 1167 639 1241 704 
1021 1141 588 1202 641 
1021 1086 506 1126 539 
1021 1162 528 1201 559 
1021 1221 518 1275 556 
1021 1111 538 1152 567 
1021 1230 582 1283 625 
1021 1161 543 1213 576 
1021 1138 546 1178 577 
1021 1247 600 1307 646 
1021 1409 490 1471 518 
1021 474 486 563 518 
1021 1377 489 1433 518 
1021 1224 514 1271 539 
1021 1154 516 1200 538 
1021 791 465 822 487 
1021 1260 527 1282 539 
1051 1382 966 1612 1077 
1051 1365 680 1472 767 
1051 1307 832 1459 980 
1051 1212 685 1378 851 
1051 1285 630 1365 689 
1051 1352 584 1424 643 
1051 1169 640 1242 706 
1051 1303 552 1357 595 
1051 1139 584 1199 639 
1051 1117 546 1159 582 
1051 1081 498 1119 529 
1051 1239 591 1292 637 
1051 1150 510 1189 540 
1051 1102 529 1142 562 
1051 1160 526 1200 558 
1051 479 486 557 515 
1051 1394 487 1463 520 
1051 1213 504 1256 533 
1051 782 469 816 493 
1051 1253 524 1283 539 
1051 1222 518 1280 536 
1081 1308 831 1456 979 
1081 1360 677 1464 759 
1081 1384 967 1603 1077 
1081 1208 691 1378 854 
1081 1556 877 1817 1056 
1081 1170 643 1241 706 
1081 1288 632 1365 689 
1081 1345 580 1410 635 
1081 1293 542 1348 588 
1081 1115 544 1158 579 
1081 1143 589 1201 641 
1081 1104 529 1145 563 
1081 1094 518 1128 542 
1081 1244 596 1301 641 
1081 1127 564 1172 602 
1081 476 486 557 515 
1081 1390 487 1454 517 
1081 1074 485 1150 509 
1081 1054 477 1092 503 
1081 1072 484 1106 515 
1081 1138 499 1178 525 
1081 1229 515 1269 536 
1081 1202 497 1239 524 
1081 771 478 806 501 
1081 1161 518 1200 536 
1111 1474 788 1664 916 
1111 1212 694 1376 851 
1111 1377 968 1600 1079 
1111 1307 833 1455 980 
1111 1356 674 1458 757 
1111 1170 646 1239 706 
1111 1320 572 1391 626 
1111 1286 630 1366 686 
1111 1272 531 1317 570 
1111 1144 586 1205 643 
1111 1109 536 1155 577 
1111 1094 514 1131 546 
1111 1188 546 1237 586 
1111 1245 598 1299 639 
1111 471 486 559 518 
1111 754 483 793 511 
1111 1392 489 1467 518 
1111 1081 481 1122 509 
1111 1360 488 1415 518 
1111 1068 474 1101 502 
1111 1213 503 1254 530 
1111 1085 509 1123 535 
1111 1187 487 1224 512 
1111 1150 505 1190 533 
1111 1131 492 1161 515 
1141 1440 753 1606 871 
1141 1385 966 1606 1079 
1141 1307 835 1457 980 
1141 1206 676 1373 847 
1141 1305 562 1372 612 
1141 1364 677 1463 757 
1141 1171 649 1239 706 
1141 1138 581 1206 638 
1141 1273 627 1363 679 
1141 1100 522 1137 555 
1141 1249 520 1297 560 
1141 1112 545 1153 580 
1141 1254 602 1321 648 
1141 1400 490 1464 517 
1141 472 485 558 517 
1141 728 496 774 528 
1141 1297 550 1384 601 
1141 1251 523 1295 539 
1141 1200 494 1238 518 
1141 1077 498 1114 525 
1141 1133 494 1174 520 
1141 1071 465 1097 489 
1141 1121 482 1152 502 
1141 1171 473 1206 501 
1141 1171 527 1213 539 
1141 1098 525 1137 538 
1171 1382 965 1607 1079 
1171 1422 735 1582 854 
1171 1309 837 1459 981 
1171 1201 667 1376 846 
1171 700 514 748 554 
1171 1171 635 1234 694 
1171 1288 545 1346 594 
1171 1356 678 1457 757 
1171 1287 630 1366 682 
1171 1137 576 1198 626 
1171 1090 512 1128 541 
1171 1255 599 1323 644 
1171 1234 510 1276 540 
1171 1102 530 1150 569 
1171 1401 489 1468 516 
1171 478 486 558 516 
1171 1073 477 1193 510 
1171 701 512 746 539 
1171 1191 486 1225 508 
1171 1124 486 1160 512 
1171 1071 484 1104 513 
1171 1161 520 1204 536 
1171 1071 456 1098 476 
1171 1165 470 1189 490 
1201 1428 736 1585 856 
1201 1383 966 1610 1079 
1201 1309 830 1457 983 
1201 659 538 714 582 
1201 1354 671 1454 756 
1201 1201 665 1367 825 
1201 1160 622 1223 678 
1201 1247 596 1309 640 
1201 1287 633 1368 681 
1201 1256 529 1316 573 
1201 1124 557 1181 610 
1201 1104 532 1143 566 
1201 1093 516 1127 547 
1201 474 487 564 517 
1201 1396 491 1460 518 
1201 1215 497 1259 529 
1201 1118 470 1148 498 
1201 1148 505 1191 533 
1201 1080 499 1120 526 
1201 1178 476 1213 498 
1201 1265 526 1310 539 
1201 1072 455 1098 473 
1201 1162 464 1188 486 
1231 1305 817 1444 964 
1231 1386 965 1605 1079 
1231 1430 735 1587 853 
1231 1352 666 1450 750 
1231 592 572 663 627 
1231 1153 601 1215 659 
1231 1292 618 1355 672 
1231 1194 665 1339 795 
1231 1240 579 1294 624 
1231 1116 538 1170 580 
1231 1238 513 1286 545 
1231 1103 525 1141 555 
1231 1398 488 1476 515 
1231 475 488 565 518 
1231 1203 487 1241 514 
1231 1140 493 1178 522 
1231 1095 518 1133 538 
1231 1113 462 1141 486 
1231 1071 480 1104 514 
1231 1084 443 1108 460 
1231 1167 516 1208 537 
1231 1170 465 1196 486 
1261 478 630 569 704 
1261 1428 738 1585 851 
1261 1379 954 1608 1079 
1261 1281 783 1418 918 
1261 1339 656 1431 729 
1261 1170 610 1310 749 
1261 1134 573 1197 631 
1261 1219 564 1277 605 
1261 1273 603 1338 651 
1261 1102 520 1148 561 
1261 480 486 571 517 
1261 1391 486 1473 518 
1261 1216 502 1260 530 
1261 1191 477 1227 503 
1261 1080 498 1120 526 
1261 1132 484 1163 512 
1261 1163 455 1188 479 
1261 1067 467 1097 500 
1261 1119 456 1140 476 
1261 1153 500 1189 524 
1261 1110 524 1147 538 
1261 811 457 838 477 
1261 1099 435 1118 449 
1261 878 456 903 473 
1291 1258 737 1368 849 
1291 1415 727 1570 839 
1291 247 746 395 861 
1291 1355 906 1567 1079 
1291 1316 638 1403 701 
1291 1157 596 1277 704 
1291 1124 551 1176 602 
1291 1206 547 1252 582 
1291 1259 583 1313 633 
1291 1098 509 1141 547 
1291 478 487 562 517 
1291 1392 488 1465 518 
1291 1062 470 1116 503 
1291 1072 483 1148 520 
1291 773 475 811 502 
1291 846 475 877 496 
1291 1199 490 1239 518 
1291 1093 511 1134 538 
1291 953 436 981 455 
1291 1139 487 1173 514 
1291 1182 468 1212 490 
1291 1072 482 1105 511 
1291 1127 480 1158 502 
1291 1165 450 1188 468 
1291 1128 437 1150 457 
1291 1072 464 1094 483 
1321 1309 833 1487 977 
1321 1390 699 1528 802 
1321 1219 674 1314 772 
1321 1134 560 1241 656 
1321 1296 617 1368 673 
1321 1232 563 1284 609 
1321 1111 528 1153 568 
1321 808 502 849 535 
1321 724 500 767 537 
1321 1398 489 1467 518 
1321 480 488 557 516 
1321 1057 474 1150 515 
1321 1179 473 1215 503 
1321 1080 491 1118 522 
1321 1069 469 1099 495 
1321 1127 477 1161 502 
1321 1079 453 1103 470 
1351 1261 755 1399 865 
1351 1356 664 1469 751 
1351 1181 627 1264 709 
1351 728 548 787 600 
1351 1269 589 1331 641 
1351 638 544 699 598 
1351 1125 554 1201 620 
1351 1201 544 1251 591 
1351 1096 515 1134 550 
1351 480 487 561 516 
1351 1393 489 1464 518 
1351 1054 466 1133 504 
1351 1164 517 1205 539 
1351 1093 511 1131 538 
1351 1074 474 1105 504 
1351 1120 467 1150 491 
1351 1170 463 1200 491 
1351 818 462 845 478 
1351 907 454 941 478 
1351 1140 439 1160 453 
1351 1096 440 1117 454 
1381 1214 684 1325 773 
1381 568 665 664 740 
1381 1315 628 1410 705 
1381 467 628 564 704 
1381 1413 972 1613 1079 
1381 1242 563 1301 612 
1381 1155 596 1217 654 
1381 1111 529 1173 591 
1381 1181 525 1222 560 
1381 482 487 565 516 
1381 1394 490 1468 519 
1381 780 475 819 501 
1381 1148 502 1188 527 
1381 1085 493 1120 521 
1381 895 465 931 494 
1381 1162 461 1189 480 
1381 1072 460 1103 488 
1381 1119 459 1143 481 
1381 943 446 964 466 
1381 1185 522 1215 539 
1411 1335 849 1485 964 
1411 0 847 215 1004 
1411 1171 623 1260 695 
1411 1274 592 1353 662 
1411 1214 543 1276 585 
1411 1128 564 1183 614 
1411 1098 510 1140 553 
1411 168 1051 254 1079 
1411 478 487 563 515 
1411 1395 490 1473 516 
1411 873 481 925 515 
1411 1094 486 1174 534 
1411 830 492 882 520 
1411 734 502 772 531 
1411 1157 510 1199 537 
1411 823 493 856 517 
1411 1138 488 1171 512 
1411 918 455 947 477 
1411 1077 475 1105 503 
1411 1075 459 1098 476 
1411 1160 453 1183 470 
1411 1122 453 1146 473 
1441 1254 743 1369 825 
1441 656 544 714 588 
1441 1240 565 1304 621 
1441 1138 581 1207 640 
1441 771 532 815 567 
1441 1194 520 1249 561 
1441 860 505 905 542 
1441 1113 535 1161 583 
1441 1095 497 1133 541 
1441 484 489 563 516 
1441 1391 492 1471 518 
1441 1076 489 1132 536 
1441 1142 497 1179 521 
1441 1130 479 1159 501 
1441 1197 521 1241 538 
1441 899 466 932 491 
1441 1077 452 1105 472 
1441 863 458 889 479 
1441 1127 448 1148 465 
1471 1172 659 1262 723 
1471 507 624 596 679 
1471 679 598 743 650 
1471 816 540 877 591 
1471 1205 539 1261 590 
1471 1117 542 1172 593 
1471 1093 509 1136 545 
1471 1179 506 1222 540 
1471 484 487 570 516 
1471 1401 492 1468 518 
1471 884 484 921 517 
1471 1070 471 1115 517 
1471 847 468 877 488 
1471 1129 477 1158 503 
1471 1099 515 1134 537 
1501 760 594 837 670 
1501 464 759 585 857 
1501 127 804 311 926 
1501 1108 606 1175 657 
1501 859 510 904 545 
1501 1175 516 1229 560 
1501 1101 519 1147 561 
1501 476 487 566 517 
1501 1406 491 1474 520 
1501 825 485 878 515 
1501 827 481 862 505 
1501 1157 490 1195 519 
1501 1071 453 1106 497 
1501 1122 461 1147 488 
1501 1087 499 1120 528 
1501 1105 520 1140 537 
1531 637 702 766 831 
1531 824 549 880 600 
1531 1072 571 1131 615 
1531 1150 495 1195 531 
1531 805 497 843 528 
1531 1087 500 1128 535 
1531 477 486 565 518 
1531 1107 484 1194 529 
1531 1405 492 1473 516 
1531 1143 479 1177 506 
1531 1120 457 1143 476 
1531 1070 459 1100 480 
1531 1075 475 1105 501 
1561 757 619 834 693 
1561 344 1040 550 1079 
1561 1058 544 1108 588 
1561 769 529 820 566 
1561 1137 480 1176 514 
1561 1090 471 1189 512 
1561 480 486 570 518 
1561 1401 492 1474 517 
1561 1076 478 1113 514 
1561 784 528 810 539 
1561 1071 449 1099 472 
1561 1125 456 1145 473 
1591 591 755 731 903 
1591 730 570 791 618 
1591 1049 535 1097 569 
1591 1112 466 1158 499 
1591 478 486 567 518 
1591 1401 492 1477 516 
1591 1080 450 1105 467 
1591 1073 462 1103 493 
1591 870 457 892 475 
1591 1144 439 1163 454 
1621 675 637 753 702 
1621 1049 526 1091 561 
1621 477 487 569 517 
1621 1399 491 1467 518 
1621 848 471 876 490 
1621 1118 461 1151 486 
1621 956 440 979 459 
1621 1072 455 1097 482 
1621 1051 527 1083 538 
1651 536 763 664 880 
1651 1043 521 1084 555 
1651 476 487 562 516 
1651 1400 493 1464 517 
1651 902 464 941 490 
1651 1375 488 1430 512 
1651 823 488 859 514 
1651 1076 443 1104 469 
1651 1044 521 1084 539 
1651 1119 453 1146 478 
1651 1126 442 1149 461 
1681 1039 519 1082 552 
1681 785 513 833 550 
1681 471 486 560 518 
1681 1406 491 1466 517 
1681 878 481 933 518 
1681 1376 486 1436 513 
1681 787 515 830 538 
1681 878 486 916 516 
1681 1040 522 1080 538 
1681 904 460 936 489 
1681 1117 449 1143 470 
1681 1085 436 1120 458 
1711 729 548 788 596 
1711 1039 517 1078 550 
1711 849 514 898 557 
1711 471 488 555 517 
1711 1403 492 1463 519 
1711 1379 488 1435 512 
1711 849 515 894 537 
1711 1040 519 1078 539 
1711 882 478 915 515 
1711 1112 438 1151 458 
1741 634 616 714 673 
1741 1545 904 1771 1044 
1741 804 559 866 612 
1741 1037 517 1078 550 
1741 852 499 899 543 
1741 480 480 563 515 
1741 1400 492 1459 517 
1741 858 490 898 524 
1741 1039 517 1078 538 
1741 1141 430 1166 454 
1771 450 739 576 838 
1771 720 640 815 721 
1771 1298 653 1389 712 
1771 798 559 856 616 
1771 1038 517 1078 544 
1771 815 524 867 563 
1771 471 485 558 516 
1771 1384 488 1457 516 
1771 1430 485 1496 514 
1771 816 519 862 539 
1771 855 466 881 487 
