0 988 135 1100 249 
0 1059 310 1140 367 
0 515 432 695 519 
0 712 344 845 416 
0 1784 367 1908 456 
0 1156 347 1262 410 
0 913 322 1019 382 
0 855 293 942 349 
0 0 607 344 794 
0 1754 819 1917 1050 
0 811 212 856 245 
0 1719 300 1810 370 
0 0 578 193 670 
0 1092 124 1170 186 
0 1703 628 1782 691 
0 1524 332 1578 380 
0 1810 247 1892 284 
0 587 251 651 290 
0 239 197 312 240 
30 1060 310 1146 366 
30 1016 142 1203 265 
30 714 344 853 414 
30 1162 348 1268 412 
30 523 432 695 520 
30 217 829 651 1058 
30 263 462 489 550 
30 912 321 1016 383 
30 209 336 353 397 
30 858 293 944 349 
30 144 588 445 725 
30 1771 825 1912 1009 
30 619 260 692 299 
30 1797 374 1907 459 
30 1740 312 1810 376 
30 1529 335 1581 385 
30 26 915 164 1071 
30 416 261 524 308 
30 1866 292 1917 360 
30 364 212 434 257 
30 1332 195 1370 230 
60 478 631 775 913 
60 713 343 849 415 
60 212 552 507 680 
60 1159 347 1269 412 
60 1060 309 1143 366 
60 1126 142 1279 271 
60 501 423 686 517 
60 47 324 230 407 
60 169 370 346 447 
60 858 293 944 348 
60 915 322 1012 385 
60 447 403 596 474 
60 1254 165 1379 307 
60 1797 369 1907 460 
60 1527 334 1582 385 
60 1767 827 1919 984 
60 1738 309 1809 372 
60 1863 292 1916 358 
60 1815 248 1880 284 
90 655 533 883 732 
90 1161 342 1266 407 
90 224 545 506 666 
90 1058 307 1140 366 
90 510 431 694 514 
90 713 342 846 414 
90 916 320 1015 380 
90 1795 366 1907 454 
90 858 289 940 347 
90 1769 827 1919 1045 
90 1008 195 1061 236 
90 540 364 688 425 
90 1718 294 1805 372 
90 823 209 870 245 
90 1520 322 1572 374 
90 1246 159 1474 295 
90 1208 489 1285 570 
90 1091 132 1159 190 
90 1864 287 1915 360 
90 1784 597 1897 753 
90 1812 249 1880 283 
120 1055 308 1138 365 
120 764 476 953 634 
120 218 543 505 672 
120 906 319 1011 381 
120 1170 337 1281 404 
120 501 433 693 520 
120 710 342 839 413 
120 1053 208 1125 255 
120 616 346 721 400 
120 1772 825 1919 1055 
120 857 289 941 346 
120 860 186 904 224 
120 660 250 735 289 
120 1797 367 1903 459 
120 1520 327 1566 375 
120 1097 125 1176 184 
120 228 197 322 237 
120 1858 293 1915 365 
150 829 432 1002 566 
150 506 434 685 518 
150 1057 307 1137 366 
150 1178 333 1322 400 
150 211 542 520 670 
150 902 317 1012 382 
150 707 342 838 415 
150 357 322 504 388 
150 1156 227 1242 274 
150 1804 370 1902 458 
150 1767 827 1919 1049 
150 858 291 941 349 
150 658 330 733 387 
150 741 216 810 261 
150 1844 292 1918 360 
150 1096 128 1165 186 
150 1107 1035 1178 1078 
150 1520 330 1570 378 
150 233 196 317 240 
150 1777 621 1889 768 
150 1720 303 1791 372 
180 606 835 900 1075 
180 877 408 1032 522 
180 506 433 688 517 
180 1056 309 1138 366 
180 0 771 69 897 
180 1213 333 1317 398 
180 225 543 509 673 
180 705 343 838 414 
180 899 318 1009 378 
180 1774 823 1919 1060 
180 1800 365 1900 459 
180 858 291 942 349 
180 666 326 733 376 
180 542 284 632 327 
180 1083 134 1159 189 
180 836 200 881 237 
180 1717 297 1798 373 
180 233 196 315 240 
180 1518 329 1568 379 
180 1858 280 1912 376 
180 634 237 685 277 
180 1335 250 1381 292 
180 1772 611 1889 762 
210 0 755 98 878 
210 1253 325 1327 389 
210 900 574 1071 717 
210 1055 309 1134 366 
210 127 383 323 456 
210 503 432 684 519 
210 909 377 1052 488 
210 689 335 842 413 
210 342 297 473 355 
210 223 542 513 672 
210 682 235 762 284 
210 1776 818 1919 1070 
210 852 293 943 346 
210 1086 129 1172 188 
210 904 318 1002 373 
210 1794 371 1899 456 
210 1714 300 1797 370 
210 229 197 312 244 
210 1519 329 1565 378 
210 1860 291 1916 366 
210 1773 615 1886 764 
210 670 324 772 380 
210 1813 250 1876 284 
240 1027 452 1149 547 
240 0 759 93 881 
240 1055 309 1132 366 
240 934 369 1067 465 
240 503 433 682 518 
240 692 336 839 415 
240 412 308 551 368 
240 19 444 305 564 
240 1273 329 1334 379 
240 215 544 505 669 
240 1765 823 1919 1050 
240 851 292 945 348 
240 1711 297 1798 371 
240 1857 285 1919 366 
240 560 239 619 278 
240 1794 369 1904 464 
240 1506 331 1560 377 
240 1182 808 1239 900 
240 1088 132 1158 188 
240 917 318 997 370 
240 667 320 747 375 
240 1771 615 1889 767 
240 989 153 1077 191 
270 0 761 97 882 
270 1095 381 1202 459 
270 288 372 500 470 
270 506 433 686 517 
270 1061 308 1136 367 
270 6 436 95 524 
270 960 349 1076 446 
270 218 546 515 673 
270 690 336 842 413 
270 317 292 435 340 
270 1770 829 1919 1046 
270 856 290 938 350 
270 1803 367 1902 459 
270 1717 296 1798 378 
270 1088 127 1160 190 
270 667 321 757 384 
270 912 317 989 378 
270 227 203 320 245 
270 1520 329 1570 377 
270 962 171 1011 207 
270 1799 250 1871 287 
270 1777 615 1892 769 
300 0 761 100 886 
300 513 433 689 518 
300 221 541 518 672 
300 1161 347 1260 413 
300 697 340 843 414 
300 454 324 617 412 
300 856 290 937 348 
300 3 356 177 426 
300 1767 829 1919 1039 
300 972 344 1094 438 
300 1713 299 1805 372 
300 1064 313 1129 378 
300 1802 367 1906 460 
300 1080 133 1161 192 
300 916 322 1001 383 
300 671 323 748 379 
300 934 186 980 224 
300 1859 296 1915 362 
300 1520 330 1577 377 
300 839 184 895 234 
330 0 759 97 880 
330 509 434 684 518 
330 1243 327 1326 390 
330 218 543 506 673 
330 692 337 842 414 
330 557 298 670 377 
330 976 337 1091 435 
330 662 230 750 282 
330 1082 125 1172 187 
330 851 293 940 346 
330 1789 366 1904 461 
330 1068 315 1131 369 
330 945 207 998 249 
330 1708 292 1800 372 
330 1773 824 1919 1057 
330 774 192 825 232 
330 918 320 990 381 
330 1505 333 1561 377 
330 1815 250 1876 285 
330 1858 290 1916 363 
360 0 758 94 879 
360 503 431 681 519 
360 699 338 841 415 
360 218 543 507 674 
360 335 329 479 390 
360 992 217 1079 267 
360 497 274 567 321 
360 979 338 1091 433 
360 614 288 688 351 
360 1765 819 1919 1055 
360 850 293 937 344 
360 1064 317 1127 374 
360 912 321 989 382 
360 1793 369 1904 462 
360 1090 129 1159 186 
360 1210 624 1259 698 
360 643 218 722 267 
360 1520 328 1570 378 
360 1774 622 1888 762 
360 1850 298 1917 365 
360 1807 250 1890 285 
360 1719 304 1796 370 
360 231 199 306 246 
390 0 762 98 887 
390 506 432 683 520 
390 217 545 517 673 
390 1122 237 1238 294 
390 702 340 842 414 
390 219 341 363 412 
390 976 338 1091 434 
390 1768 830 1919 1053 
390 642 281 720 338 
390 853 291 939 352 
390 1072 314 1137 369 
390 1716 295 1805 378 
390 436 259 578 326 
390 914 320 991 383 
390 1799 371 1902 460 
390 1814 251 1869 285 
390 1518 327 1573 381 
390 1085 126 1162 188 
390 1862 281 1913 376 
420 0 758 101 890 
420 514 432 690 519 
420 222 542 524 673 
420 699 339 846 415 
420 987 338 1099 434 
420 1789 372 1904 458 
420 1066 313 1134 371 
420 857 291 938 347 
420 654 271 757 326 
420 82 331 320 422 
420 1766 831 1919 1020 
420 1079 124 1175 191 
420 913 319 992 382 
420 1320 269 1368 307 
420 1725 311 1808 374 
420 1522 333 1573 385 
420 1863 293 1915 361 
420 1813 249 1878 284 
420 1417 232 1482 269 
450 0 754 101 884 
450 511 431 689 517 
450 227 542 517 667 
450 700 341 842 414 
450 985 338 1100 435 
450 856 291 939 348 
450 1066 315 1132 370 
450 656 271 762 324 
450 63 615 140 681 
450 1763 825 1919 1030 
450 1801 370 1905 459 
450 1719 302 1808 375 
450 915 319 993 381 
450 1807 247 1878 286 
450 1079 134 1157 193 
450 1520 328 1576 375 
450 1858 293 1915 365 
450 666 297 751 362 
480 0 753 101 879 
480 511 432 689 517 
480 695 340 847 415 
480 985 337 1100 434 
480 1768 826 1919 1055 
480 92 517 330 632 
480 1066 314 1137 370 
480 857 293 944 353 
480 220 538 520 671 
480 658 271 761 326 
480 1713 295 1805 378 
480 1862 282 1916 361 
480 915 321 993 382 
480 1798 245 1876 289 
480 1800 371 1904 462 
480 1523 330 1572 377 
480 1087 128 1164 194 
480 247 199 315 242 
480 666 297 749 363 
510 0 757 100 890 
510 522 432 691 519 
510 703 340 845 416 
510 256 448 494 538 
510 988 341 1098 434 
510 223 546 533 668 
510 855 293 943 348 
510 1786 370 1901 456 
510 1767 829 1919 1035 
510 1072 311 1137 370 
510 659 272 762 327 
510 919 321 994 383 
510 1776 245 1880 291 
510 1525 334 1577 386 
510 1730 319 1802 377 
510 1011 153 1062 188 
510 254 200 319 243 
510 668 300 750 366 
510 1090 129 1163 192 
540 0 757 101 890 
540 520 430 687 519 
540 226 546 538 671 
540 698 338 850 416 
540 362 418 543 505 
540 990 337 1100 433 
540 1073 311 1136 372 
540 856 293 940 349 
540 660 273 759 323 
540 1763 831 1919 983 
540 1794 373 1908 461 
540 923 322 996 384 
540 1521 333 1592 379 
540 1740 321 1806 374 
540 671 307 747 368 
540 1785 623 1890 763 
540 1769 249 1886 287 
540 1592 338 1663 391 
570 0 754 104 891 
570 233 542 530 671 
570 699 337 851 416 
570 989 338 1102 434 
570 428 404 589 485 
570 856 293 941 347 
570 1071 310 1140 371 
570 509 427 695 518 
570 1788 370 1904 457 
570 1770 829 1917 1019 
570 917 319 996 383 
570 1521 328 1573 379 
570 665 271 742 325 
570 453 214 514 246 
570 1821 250 1886 283 
570 672 301 746 363 
570 1734 316 1805 374 
600 0 751 102 884 
600 234 543 529 671 
600 699 339 848 416 
600 505 425 695 517 
600 989 336 1104 434 
600 1774 825 1919 1046 
600 1061 314 1135 374 
600 860 296 943 352 
600 661 273 760 327 
600 451 398 619 471 
600 1789 372 1902 458 
600 976 226 1025 263 
600 922 324 993 383 
600 1833 290 1913 369 
600 1524 334 1574 383 
600 1725 312 1801 371 
600 1203 157 1249 204 
600 1082 132 1156 195 
600 1766 296 1890 1079 
600 1757 259 1806 296 
630 0 755 104 891 
630 232 542 530 673 
630 507 424 692 514 
630 705 341 851 417 
630 989 341 1100 433 
630 856 293 941 346 
630 1065 315 1133 373 
630 1088 132 1160 191 
630 1793 371 1906 459 
630 1774 830 1919 1028 
630 919 320 994 383 
630 467 386 621 461 
630 813 229 866 268 
630 689 248 805 310 
630 307 771 731 1079 
630 1833 303 1914 365 
630 462 213 512 246 
630 1726 315 1803 370 
630 663 267 753 337 
630 1525 336 1574 385 
660 0 756 103 890 
660 578 615 853 844 
660 507 425 691 514 
660 229 542 529 673 
660 700 337 850 415 
660 988 340 1101 433 
660 857 292 941 351 
660 1067 314 1139 373 
660 491 386 582 450 
660 1801 368 1904 461 
660 1770 831 1919 990 
660 476 279 633 340 
660 917 318 994 381 
660 1849 299 1914 360 
660 667 300 735 356 
660 1526 335 1579 386 
660 138 200 246 247 
660 1734 314 1806 375 
660 1503 224 1571 270 
660 662 277 722 326 
660 1146 233 1196 267 
660 1785 625 1891 762 
690 0 751 102 889 
690 714 533 931 709 
690 224 330 432 418 
690 227 542 529 670 
690 706 338 845 415 
690 991 338 1100 434 
690 1074 310 1138 372 
690 858 293 942 344 
690 417 274 530 326 
690 1793 368 1908 462 
690 482 384 650 444 
690 663 281 731 341 
690 918 321 999 384 
690 511 428 693 516 
690 954 221 1023 263 
690 1762 827 1915 999 
690 1287 211 1371 263 
690 243 198 310 243 
690 1524 332 1576 381 
690 1732 313 1804 376 
720 0 748 101 885 
720 785 488 978 635 
720 232 542 529 671 
720 135 315 315 394 
720 710 339 848 410 
720 0 430 63 531 
720 501 419 689 514 
720 665 275 729 335 
720 988 341 1096 434 
720 1068 313 1138 372 
720 857 293 941 345 
720 1769 829 1919 1026 
720 1791 369 1911 465 
720 1053 210 1111 258 
720 486 387 659 458 
720 915 324 1004 383 
720 1835 300 1915 363 
720 1525 332 1575 383 
720 1132 210 1189 255 
720 1032 154 1076 186 
720 1726 313 1802 373 
750 834 455 1002 593 
750 228 542 532 671 
750 718 335 861 406 
750 0 763 104 903 
750 500 419 689 512 
750 993 342 1099 431 
750 1063 314 1135 372 
750 861 293 939 349 
750 1802 370 1903 462 
750 666 281 728 335 
750 479 386 654 447 
750 918 320 996 384 
750 956 198 1019 258 
750 1766 831 1919 987 
750 1138 174 1187 213 
750 681 302 750 358 
750 1730 311 1806 374 
750 1527 338 1578 385 
750 1622 248 1693 291 
750 577 264 643 300 
750 0 866 290 1079 
750 461 209 531 243 
750 1837 306 1914 367 
750 1601 346 1659 400 
780 0 757 100 889 
780 857 437 1018 573 
780 230 541 518 667 
780 716 328 869 396 
780 995 343 1099 432 
780 1065 315 1135 373 
780 211 693 569 875 
780 859 291 938 354 
780 666 262 743 330 
780 1765 830 1919 990 
780 512 420 694 513 
780 918 322 992 385 
780 482 388 664 461 
780 419 290 497 336 
780 775 207 844 265 
780 1799 376 1906 462 
780 1050 192 1108 226 
780 130 206 247 251 
780 1734 315 1809 375 
780 1785 624 1890 768 
780 1763 244 1887 291 
780 1529 340 1581 389 
780 702 226 781 288 
780 375 305 467 349 
810 0 750 102 887 
810 867 427 1027 558 
810 413 583 679 730 
810 73 359 258 426 
810 742 328 854 400 
810 242 541 545 683 
810 995 342 1099 432 
810 503 404 706 503 
810 669 277 756 339 
810 1073 311 1136 372 
810 1800 376 1906 460 
810 855 299 937 356 
810 513 263 587 311 
810 492 380 610 451 
810 916 324 1000 384 
810 1848 291 1917 360 
810 241 947 636 1079 
810 1763 828 1914 1004 
810 1524 332 1573 380 
810 1129 177 1182 215 
810 1735 312 1802 371 
840 0 750 104 886 
840 866 427 1027 558 
840 569 528 766 643 
840 310 252 491 349 
840 664 275 766 346 
840 234 542 529 670 
840 744 331 856 401 
840 858 294 940 360 
840 1774 823 1919 1042 
840 993 342 1100 432 
840 1327 259 1381 302 
840 1064 315 1132 379 
840 493 382 653 458 
840 288 824 642 1079 
840 1869 274 1919 360 
840 1805 379 1906 459 
840 548 404 720 495 
840 918 320 990 383 
840 466 216 513 250 
840 905 202 962 240 
840 1043 224 1112 263 
840 1526 329 1582 378 
840 1736 324 1800 377 
840 1419 234 1487 270 
870 0 754 102 890 
870 44 300 280 413 
870 496 381 634 462 
870 865 429 1027 560 
870 656 481 818 581 
870 661 272 767 348 
870 235 542 528 673 
870 442 720 772 986 
870 746 332 854 401 
870 994 338 1102 432 
870 582 402 737 485 
870 1065 314 1139 373 
870 858 294 940 360 
870 1767 828 1918 1017 
870 1789 369 1908 461 
870 918 320 995 383 
870 1732 315 1809 372 
870 1841 305 1915 362 
870 1059 192 1110 228 
870 1530 332 1585 386 
870 1782 625 1892 768 
870 1584 335 1657 387 
900 0 756 103 894 
900 490 378 629 460 
900 712 448 860 546 
900 520 683 800 917 
900 867 428 1031 560 
900 615 397 754 472 
900 235 541 536 670 
900 746 330 857 397 
900 996 338 1101 432 
900 1073 312 1141 369 
900 856 296 942 349 
900 671 273 756 341 
900 1775 830 1917 992 
900 918 325 1005 385 
900 1530 331 1583 384 
900 1052 227 1126 265 
900 1738 314 1808 375 
900 930 193 997 235 
900 1154 180 1202 218 
900 0 332 50 445 
900 1788 621 1899 768 
900 1602 346 1663 403 
930 0 756 102 891 
930 751 428 881 520 
930 494 377 643 459 
930 264 532 541 653 
930 545 659 832 885 
930 860 425 1023 559 
930 606 393 746 478 
930 993 339 1101 433 
930 746 329 851 397 
930 1069 314 1139 371 
930 669 280 772 349 
930 859 294 937 356 
930 1771 829 1919 990 
930 917 319 996 383 
930 1798 374 1908 458 
930 593 255 650 298 
930 1531 336 1588 382 
930 1120 237 1178 274 
930 1743 317 1806 375 
930 1852 297 1918 359 
930 1047 191 1105 231 
930 1426 239 1487 270 
930 461 216 510 251 
960 0 755 101 888 
960 573 642 831 852 
960 489 378 633 459 
960 862 420 1025 559 
960 295 518 572 639 
960 781 407 888 488 
960 608 397 746 478 
960 994 344 1097 432 
960 1068 313 1137 371 
960 667 272 775 348 
960 859 294 940 354 
960 740 325 850 397 
960 1769 828 1919 1030 
960 1798 374 1908 460 
960 463 268 562 327 
960 460 204 516 244 
960 918 324 1004 382 
960 1848 302 1915 362 
960 1523 334 1571 382 
960 1710 311 1804 366 
960 420 279 517 338 
960 1585 326 1656 383 
960 974 241 1026 279 
990 1 758 101 891 
990 489 377 639 459 
990 581 637 839 844 
990 862 421 1021 557 
990 309 514 580 634 
990 606 396 743 477 
990 195 319 378 397 
990 994 341 1097 432 
990 0 600 141 697 
990 807 389 913 466 
990 729 317 849 396 
990 853 295 944 357 
990 1065 313 1132 376 
990 1807 375 1904 464 
990 666 276 732 337 
990 1761 827 1919 1011 
990 1160 242 1218 279 
990 923 324 996 381 
990 1522 331 1572 383 
990 769 241 877 288 
990 1002 238 1049 271 
990 1865 280 1916 368 
990 535 281 598 316 
990 1728 313 1802 374 
1020 0 756 102 891 
1020 492 378 642 458 
1020 863 431 1027 558 
1020 575 636 849 851 
1020 330 511 582 625 
1020 605 394 746 477 
1020 0 394 63 475 
1020 33 521 345 638 
1020 746 327 850 400 
1020 994 342 1101 432 
1020 1068 314 1139 373 
1020 858 294 942 354 
1020 831 382 940 456 
1020 1788 370 1909 460 
1020 1767 831 1919 993 
1020 630 268 763 337 
1020 247 192 315 244 
1020 1734 315 1808 376 
1020 1839 293 1915 358 
1020 1529 338 1579 387 
1020 388 300 457 347 
1020 1006 235 1081 280 
1020 1783 620 1892 767 
1020 920 320 989 376 
1050 0 755 104 893 
1050 861 424 1025 551 
1050 491 378 637 457 
1050 176 480 415 594 
1050 577 634 848 851 
1050 441 285 578 353 
1050 610 394 748 477 
1050 0 378 194 452 
1050 746 327 850 400 
1050 995 340 1102 433 
1050 836 376 938 445 
1050 860 296 938 353 
1050 336 494 594 616 
1050 1069 312 1143 370 
1050 1768 830 1919 988 
1050 670 266 744 339 
1050 1794 372 1908 459 
1050 1851 299 1916 359 
1050 1734 311 1810 376 
1050 1530 336 1581 385 
1050 737 238 790 278 
1050 1782 621 1892 765 
1050 1154 236 1203 275 
1050 694 245 775 290 
1050 953 325 1009 374 
1050 882 238 944 276 
1050 964 180 1013 216 
1050 1601 347 1661 403 
1080 0 757 100 890 
1080 490 376 637 457 
1080 863 433 1026 558 
1080 583 634 840 845 
1080 224 330 407 412 
1080 607 395 746 476 
1080 363 488 606 608 
1080 994 340 1100 433 
1080 238 463 461 570 
1080 741 324 851 400 
1080 1065 314 1136 373 
1080 837 375 935 442 
1080 1768 828 1919 1037 
1080 859 293 936 348 
1080 668 275 764 337 
1080 1798 374 1909 461 
1080 1525 333 1577 384 
1080 936 234 992 277 
1080 1732 319 1802 376 
1080 1146 170 1188 205 
1080 565 266 621 303 
1080 507 281 571 316 
1110 0 758 100 888 
1110 0 969 162 1066 
1110 490 376 639 457 
1110 583 637 841 846 
1110 863 434 1026 558 
1110 606 394 747 477 
1110 994 341 1098 433 
1110 1070 311 1136 373 
1110 249 461 474 568 
1110 2 396 115 499 
1110 360 485 604 607 
1110 839 375 933 443 
1110 735 322 851 398 
1110 1805 375 1903 462 
1110 856 296 935 351 
1110 790 242 854 289 
1110 1761 828 1919 1010 
1110 307 309 452 364 
1110 662 276 735 338 
1110 928 321 991 377 
1110 1846 302 1913 361 
1110 1722 310 1806 376 
1110 597 278 657 319 
1110 1074 181 1149 234 
1110 875 235 931 273 
1110 1524 332 1578 384 
1110 686 295 779 357 
1140 0 752 101 890 
1140 579 634 845 850 
1140 864 434 1026 558 
1140 491 376 634 458 
1140 9 375 209 449 
1140 611 397 748 476 
1140 361 486 604 608 
1140 994 342 1100 432 
1140 739 323 851 400 
1140 136 735 470 924 
1140 247 461 462 568 
1140 855 295 940 348 
1140 1808 375 1901 460 
1140 838 376 931 442 
1140 1065 314 1133 372 
1140 458 308 556 357 
1140 1764 832 1918 989 
1140 654 272 776 348 
1140 1524 333 1578 384 
1140 924 321 985 378 
1140 1733 314 1804 375 
1140 446 219 505 250 
1140 962 181 1013 215 
1170 0 755 104 891 
1170 865 434 1027 558 
1170 492 380 637 457 
1170 252 350 396 420 
1170 604 394 747 477 
1170 744 325 850 401 
1170 857 293 938 353 
1170 994 342 1103 432 
1170 251 463 476 567 
1170 476 266 637 341 
1170 662 275 770 349 
1170 416 584 669 734 
1170 1074 313 1137 373 
1170 580 630 853 846 
1170 1174 167 1221 206 
1170 365 489 613 601 
1170 845 377 934 443 
1170 1769 827 1919 1020 
1170 1796 371 1908 460 
1170 817 186 928 241 
1170 1854 301 1916 362 
1170 964 177 1014 214 
1170 1529 341 1582 389 
1170 1780 250 1863 288 
1170 924 318 983 375 
1170 1741 324 1804 375 
1200 261 307 460 405 
1200 0 763 107 870 
1200 864 432 1025 559 
1200 489 378 632 457 
1200 610 396 750 474 
1200 579 635 846 846 
1200 0 858 261 1048 
1200 744 325 847 401 
1200 996 341 1098 432 
1200 248 462 470 566 
1200 1069 312 1137 371 
1200 856 297 936 350 
1200 524 517 729 641 
1200 838 374 931 442 
1200 666 276 763 340 
1200 1793 371 1910 461 
1200 1770 829 1919 1033 
1200 368 487 616 614 
1200 982 183 1069 233 
1200 1524 333 1577 384 
1200 926 321 987 377 
1200 1846 294 1917 362 
1200 1728 313 1803 374 
1230 12 381 175 497 
1230 621 493 798 594 
1230 863 433 1025 559 
1230 490 376 636 458 
1230 0 751 112 866 
1230 110 744 395 936 
1230 745 325 848 402 
1230 605 394 745 470 
1230 589 641 845 842 
1230 997 342 1099 432 
1230 661 273 771 349 
1230 247 461 470 566 
1230 838 374 933 442 
1230 1066 313 1135 371 
1230 857 296 934 355 
1230 1794 369 1907 461 
1230 356 483 600 607 
1230 1080 164 1163 222 
1230 1771 832 1919 1027 
1230 1525 335 1574 384 
1230 956 240 1016 278 
1230 933 325 1006 380 
1230 1735 314 1804 373 
1230 909 239 969 278 
1260 0 732 132 860 
1260 864 433 1027 559 
1260 260 667 525 831 
1260 581 635 850 850 
1260 491 377 641 458 
1260 653 469 820 570 
1260 743 326 855 401 
1260 858 293 937 353 
1260 360 486 606 604 
1260 249 460 469 567 
1260 995 342 1102 433 
1260 602 391 744 475 
1260 845 380 937 446 
1260 1063 315 1136 375 
1260 669 270 770 337 
1260 1789 369 1910 462 
1260 1768 830 1919 995 
1260 1152 167 1203 205 
1260 1746 320 1807 374 
1260 1528 337 1580 384 
1260 952 323 1008 374 
1260 1775 245 1900 290 
1260 765 247 822 289 
1260 461 216 508 250 
1290 593 635 844 848 
1290 673 456 836 558 
1290 348 628 594 778 
1290 0 733 147 859 
1290 493 377 641 456 
1290 864 432 1027 558 
1290 360 487 606 598 
1290 252 459 469 569 
1290 743 324 851 400 
1290 518 273 646 331 
1290 606 393 747 475 
1290 857 293 936 352 
1290 995 344 1100 432 
1290 843 377 937 444 
1290 1063 315 1134 374 
1290 665 277 772 348 
1290 1791 366 1910 460 
1290 1773 826 1919 1020 
1290 1528 335 1578 382 
1290 1734 312 1805 371 
1290 950 323 1009 375 
1290 1022 197 1072 233 
1290 1850 291 1918 357 
1320 331 314 493 394 
1320 685 453 844 553 
1320 589 631 843 846 
1320 0 727 148 864 
1320 863 432 1027 558 
1320 492 376 641 456 
1320 385 598 616 751 
1320 363 487 615 592 
1320 743 325 851 400 
1320 607 393 745 473 
1320 995 342 1100 433 
1320 858 293 937 351 
1320 843 377 936 444 
1320 250 459 473 570 
1320 664 275 770 347 
1320 1799 367 1906 457 
1320 1063 314 1133 374 
1320 1773 830 1915 1028 
1320 1524 334 1574 383 
1320 950 323 1009 376 
1320 963 181 1015 216 
1320 1801 250 1870 289 
1320 1736 320 1804 373 
1350 3 716 171 853 
1350 684 452 844 552 
1350 586 631 843 848 
1350 492 376 641 456 
1350 4 384 247 489 
1350 863 432 1026 558 
1350 388 594 619 742 
1350 1797 367 1907 456 
1350 608 394 742 473 
1350 842 375 937 444 
1350 996 340 1100 432 
1350 366 488 618 589 
1350 860 292 935 347 
1350 741 323 853 399 
1350 248 457 470 567 
1350 1064 315 1132 370 
1350 667 277 775 349 
1350 1764 828 1917 979 
1350 1723 312 1805 372 
1350 1525 337 1575 384 
1350 1799 249 1882 289 
1350 950 323 1008 374 
1350 1143 167 1190 203 
1380 586 631 837 846 
1380 681 453 843 552 
1380 491 376 637 456 
1380 863 433 1027 558 
1380 0 709 209 843 
1380 607 395 741 473 
1380 994 340 1101 433 
1380 1798 367 1907 457 
1380 860 292 937 348 
1380 361 488 618 590 
1380 249 459 476 569 
1380 839 372 936 442 
1380 387 595 613 741 
1380 742 322 856 400 
1380 1067 311 1130 374 
1380 668 267 743 339 
1380 1776 828 1912 1032 
1380 1726 308 1802 371 
1380 1525 338 1574 386 
1380 1852 298 1915 361 
1380 690 296 780 358 
1410 585 631 837 847 
1410 0 618 120 701 
1410 682 452 843 551 
1410 490 376 639 456 
1410 863 432 1027 558 
1410 385 595 618 742 
1410 605 395 740 473 
1410 840 373 936 443 
1410 994 341 1101 433 
1410 0 715 219 840 
1410 361 487 617 590 
1410 248 459 477 569 
1410 742 321 856 399 
1410 1800 367 1906 457 
1410 1072 309 1135 370 
1410 861 296 938 348 
1410 384 230 458 274 
1410 1770 826 1919 1025 
1410 666 270 745 341 
1410 1721 305 1804 366 
1410 1526 337 1577 385 
1410 1143 186 1188 220 
1410 1457 230 1556 274 
1410 473 215 551 246 
1410 1801 248 1882 287 
1440 585 631 839 845 
1440 681 453 842 552 
1440 0 1006 80 1071 
1440 490 377 637 457 
1440 8 595 173 694 
1440 863 432 1026 559 
1440 384 596 618 742 
1440 605 394 741 473 
1440 0 709 219 831 
1440 745 324 852 399 
1440 995 339 1101 433 
1440 839 373 936 442 
1440 1796 365 1907 459 
1440 249 459 479 570 
1440 857 292 938 350 
1440 361 487 618 591 
1440 667 276 759 340 
1440 457 245 521 291 
1440 373 231 427 271 
1440 1770 827 1917 1023 
1440 1457 232 1559 276 
1440 1070 314 1136 368 
1440 1134 257 1236 308 
1440 605 214 695 255 
1440 1527 335 1577 385 
1440 1729 312 1806 372 
1440 904 202 958 237 
1440 1804 248 1882 287 
1470 0 926 169 1071 
1470 683 452 841 552 
1470 490 377 633 457 
1470 584 633 847 846 
1470 863 432 1025 559 
1470 606 395 743 474 
1470 0 706 217 839 
1470 994 340 1098 433 
1470 744 324 851 400 
1470 855 295 941 345 
1470 490 262 556 311 
1470 248 459 478 569 
1470 0 592 189 687 
1470 384 595 611 741 
1470 838 373 935 442 
1470 1797 366 1906 461 
1470 361 488 618 591 
1470 1071 310 1132 374 
1470 666 275 759 340 
1470 414 241 468 285 
1470 1316 249 1381 299 
1470 245 207 319 248 
1470 1774 830 1919 1022 
1470 1527 330 1579 383 
1470 1736 316 1805 369 
1470 925 324 986 377 
1470 1155 222 1207 254 
1500 682 453 842 553 
1500 489 376 634 456 
1500 864 432 1025 560 
1500 608 394 742 474 
1500 0 894 228 1078 
1500 0 709 216 834 
1500 584 640 848 838 
1500 997 341 1100 433 
1500 856 294 940 346 
1500 1800 372 1904 463 
1500 840 373 935 442 
1500 248 460 478 569 
1500 744 324 850 400 
1500 664 272 773 351 
1500 362 488 619 591 
1500 655 867 996 1068 
1500 385 596 610 742 
1500 0 593 188 692 
1500 425 288 523 351 
1500 1072 310 1137 369 
1500 1774 829 1918 1027 
1500 1087 184 1135 218 
1500 1523 333 1572 381 
1500 415 256 477 295 
1500 1741 322 1802 371 
1530 1003 502 1149 642 
1530 0 886 239 1077 
1530 687 454 846 554 
1530 584 636 848 853 
1530 491 377 639 455 
1530 860 420 1018 552 
1530 608 393 744 473 
1530 258 324 419 412 
1530 390 595 622 743 
1530 364 488 618 590 
1530 251 459 471 568 
1530 858 293 939 351 
1530 746 327 853 400 
1530 665 276 771 349 
1530 996 341 1103 431 
1530 846 376 939 444 
1530 0 714 222 826 
1530 0 594 195 687 
1530 1073 312 1138 373 
1530 1776 828 1913 1027 
1530 1796 369 1907 459 
1530 1735 312 1805 374 
1530 1527 335 1580 382 
1530 1119 178 1167 217 
1530 952 323 1009 374 
1530 206 1014 493 1076 
1530 147 203 227 250 
1560 1110 386 1218 482 
1560 0 883 241 1075 
1560 688 453 845 554 
1560 492 376 642 455 
1560 394 596 620 743 
1560 0 413 134 519 
1560 583 624 842 843 
1560 611 395 744 474 
1560 860 421 1022 550 
1560 367 488 616 591 
1560 250 459 471 568 
1560 746 327 855 399 
1560 0 713 224 827 
1560 666 277 772 346 
1560 1066 313 1135 372 
1560 998 338 1099 433 
1560 847 376 937 444 
1560 0 595 203 684 
1560 860 297 938 349 
1560 1735 307 1809 372 
1560 1797 366 1908 458 
1560 1770 826 1918 986 
1560 1529 336 1581 383 
1560 412 245 496 290 
1560 110 341 257 391 
1560 1146 176 1198 214 
1560 1816 249 1876 286 
1560 948 323 1008 377 
1560 383 204 441 244 
1590 0 888 239 1078 
1590 491 378 641 455 
1590 685 451 844 551 
1590 469 256 536 307 
1590 1195 336 1316 418 
1590 606 394 742 472 
1590 364 488 617 589 
1590 580 625 837 843 
1590 860 419 1020 549 
1590 663 274 768 348 
1590 390 593 622 741 
1590 247 458 469 568 
1590 747 327 853 398 
1590 0 595 197 685 
1590 846 374 939 443 
1590 0 714 222 826 
1590 995 338 1105 431 
1590 860 293 941 349 
1590 1795 363 1907 458 
1590 1074 313 1137 371 
1590 1418 226 1544 269 
1590 1765 827 1917 982 
1590 145 203 215 246 
1590 1735 315 1807 371 
1590 1155 163 1217 208 
1590 1527 336 1580 384 
1590 418 215 473 255 
1620 0 891 237 1077 
1620 588 632 846 847 
1620 687 454 846 554 
1620 493 375 643 455 
1620 428 286 511 342 
1620 864 433 1025 559 
1620 388 595 619 743 
1620 606 394 740 473 
1620 843 376 936 443 
1620 366 489 618 589 
1620 995 340 1102 432 
1620 0 592 194 691 
1620 0 713 222 828 
1620 249 459 472 569 
1620 858 294 938 352 
1620 744 325 855 399 
1620 1063 316 1133 373 
1620 671 279 778 350 
1620 1768 824 1919 1018 
1620 1797 370 1907 458 
1620 1437 228 1559 277 
1620 1526 334 1578 382 
1620 272 1016 466 1075 
1620 383 235 431 273 
1620 1732 307 1804 378 
1620 952 324 1011 374 
1620 73 215 137 260 
1650 0 884 238 1076 
1650 864 426 1029 552 
1650 261 338 423 408 
1650 688 454 846 554 
1650 493 376 643 455 
1650 0 590 204 693 
1650 586 638 850 854 
1650 393 596 621 743 
1650 366 488 616 592 
1650 610 395 745 474 
1650 253 459 475 567 
1650 997 338 1102 432 
1650 665 274 775 349 
1650 847 377 939 445 
1650 0 712 225 827 
1650 441 245 519 293 
1650 746 326 854 399 
1650 860 295 943 346 
1650 1073 308 1141 370 
1650 1771 825 1912 980 
1650 1730 302 1812 378 
1650 1801 366 1906 458 
1650 1530 336 1585 386 
1650 1414 229 1563 275 
1650 276 1018 470 1076 
1650 1785 619 1894 762 
1650 478 221 540 260 
1650 1036 244 1099 281 
1680 0 883 241 1077 
1680 452 270 518 322 
1680 4 426 128 515 
1680 493 377 640 457 
1680 691 454 848 554 
1680 395 596 622 744 
1680 360 206 437 273 
1680 589 638 853 851 
1680 0 591 208 690 
1680 614 394 747 474 
1680 368 488 617 591 
1680 746 330 857 400 
1680 862 419 1023 550 
1680 996 339 1103 432 
1680 251 459 471 567 
1680 0 710 223 831 
1680 848 378 939 446 
1680 669 278 759 344 
1680 860 293 939 348 
1680 57 197 154 257 
1680 1075 312 1139 368 
1680 1771 826 1916 981 
1680 1736 305 1808 375 
1680 1530 334 1584 386 
1680 1805 372 1907 458 
1680 271 1017 481 1078 
1680 950 323 1009 378 
1680 1786 619 1894 764 
1680 1477 240 1551 279 
1710 688 454 845 554 
1710 0 883 240 1076 
1710 584 637 849 853 
1710 492 376 639 455 
1710 662 271 772 347 
1710 390 595 622 743 
1710 610 395 745 473 
1710 366 487 617 590 
1710 858 419 1021 550 
1710 745 327 853 400 
1710 0 590 199 693 
1710 998 339 1102 432 
1710 0 712 221 825 
1710 846 377 939 444 
1710 248 459 471 567 
1710 860 293 942 350 
1710 321 313 452 365 
1710 422 239 506 292 
1710 1064 314 1136 372 
1710 1798 370 1908 461 
1710 1775 827 1914 1008 
1710 1528 335 1582 384 
1710 173 189 280 254 
1710 1717 307 1806 363 
1710 923 233 1004 279 
1710 383 204 435 241 
1710 1853 290 1919 358 
1710 915 318 990 374 
1710 206 1013 492 1077 
1740 461 259 535 316 
1740 0 887 238 1078 
1740 688 455 845 554 
1740 662 270 771 348 
1740 492 376 639 455 
1740 588 632 846 846 
1740 0 591 203 692 
1740 610 394 745 473 
1740 390 596 621 743 
1740 360 194 428 266 
1740 858 420 1021 550 
1740 365 487 619 591 
1740 746 328 852 400 
1740 35 382 225 448 
1740 0 713 220 825 
1740 250 459 471 570 
1740 859 293 938 350 
1740 847 376 939 444 
1740 997 337 1101 432 
1740 1064 314 1136 373 
1740 1791 364 1910 462 
1740 39 178 104 230 
1740 1767 828 1918 982 
1740 1529 335 1584 385 
1740 1740 313 1811 368 
1740 1422 232 1562 277 
1740 948 322 1007 376 
1740 224 1015 482 1074 
1740 469 197 545 241 
1770 372 293 490 368 
1770 0 882 241 1077 
1770 588 636 853 851 
1770 691 454 848 554 
1770 865 426 1029 552 
1770 394 596 624 744 
1770 491 377 644 457 
1770 663 276 771 346 
1770 0 591 204 695 
1770 611 393 747 474 
1770 367 488 616 591 
1770 0 710 228 827 
1770 859 293 938 350 
1770 745 329 855 400 
1770 249 459 474 569 
1770 996 342 1102 432 
1770 504 205 622 277 
1770 1780 829 1910 1031 
1770 1065 314 1137 372 
1770 846 379 936 444 
1770 1530 334 1582 384 
1770 1740 317 1809 376 
1770 950 322 1009 381 
1770 215 204 287 250 
1770 1786 618 1898 763 
