1 689 529 935 767 
1 1057 321 1135 381 
1 772 268 920 368 
1 899 309 1005 401 
1 1766 823 1919 1038 
1 763 389 919 477 
1 0 881 306 1078 
1 421 546 689 715 
1 1715 303 1794 385 
1 229 212 295 256 
1 0 448 318 541 
1 1809 371 1896 460 
1 287 504 566 666 
1 1833 298 1911 365 
1 1522 325 1575 378 
1 642 376 759 449 
1 412 276 488 322 
1 1765 608 1895 773 
1 1092 205 1158 240 
1 0 562 323 818 
1 309 305 687 500 
1 395 202 486 243 
31 773 478 984 678 
31 1056 321 1135 381 
31 780 265 918 367 
31 901 311 1004 400 
31 413 553 675 702 
31 762 389 916 474 
31 1771 824 1919 1048 
31 0 878 296 1076 
31 1863 280 1918 369 
31 1698 295 1798 374 
31 1796 372 1903 462 
31 1188 245 1243 288 
31 0 450 315 542 
31 290 505 569 663 
31 1769 604 1896 778 
31 1519 324 1572 377 
31 177 199 261 242 
31 1174 157 1227 199 
31 655 381 760 455 
31 309 298 394 350 
31 0 570 256 722 
61 777 269 924 369 
61 818 434 1018 605 
61 1061 322 1137 382 
61 908 310 1004 398 
61 426 553 686 705 
61 765 390 922 479 
61 126 334 293 388 
61 0 886 337 1079 
61 0 562 324 824 
61 1807 370 1901 459 
61 303 504 585 668 
61 0 450 326 543 
61 1755 826 1919 984 
61 1519 326 1571 378 
61 1028 241 1175 301 
61 1781 623 1889 772 
61 1406 228 1484 270 
61 658 384 761 454 
61 1724 311 1799 377 
61 326 303 686 492 
61 407 197 485 238 
91 875 420 1046 573 
91 780 269 925 368 
91 1062 319 1136 381 
91 910 311 1004 397 
91 0 876 310 1075 
91 455 723 768 987 
91 772 390 920 478 
91 1805 370 1902 458 
91 434 556 690 702 
91 0 383 68 436 
91 0 556 333 826 
91 1776 825 1919 1031 
91 0 448 322 541 
91 307 500 582 664 
91 1521 326 1572 377 
91 660 380 765 451 
91 1726 313 1802 379 
91 334 304 688 486 
91 406 191 490 237 
121 902 403 1062 547 
121 781 269 926 368 
121 1063 319 1135 383 
121 0 878 301 1076 
121 770 389 914 484 
121 595 616 854 829 
121 1793 368 1898 457 
121 431 555 694 701 
121 906 312 1000 393 
121 0 564 327 823 
121 0 449 322 542 
121 292 502 584 665 
121 1768 827 1918 1040 
121 1521 329 1573 379 
121 1725 305 1800 377 
121 59 198 139 251 
121 328 302 690 491 
121 659 382 760 452 
121 751 278 811 343 
121 1778 624 1890 773 
121 1788 250 1837 286 
121 1087 136 1151 193 
121 1587 366 1671 427 
151 757 258 937 356 
151 672 569 894 744 
151 922 392 1072 527 
151 767 387 918 484 
151 1071 317 1139 377 
151 667 800 990 1079 
151 400 193 489 239 
151 439 551 692 711 
151 928 312 1009 384 
151 1801 371 1902 459 
151 1763 824 1919 1016 
151 0 449 319 543 
151 0 881 304 1073 
151 1520 329 1571 379 
151 668 377 770 446 
151 1730 311 1799 374 
151 297 496 577 661 
151 0 561 320 835 
151 322 302 682 496 
151 54 172 147 220 
151 1584 329 1654 381 
151 1026 265 1065 303 
151 1653 284 1706 326 
181 755 533 951 691 
181 950 377 1095 502 
181 891 594 1085 806 
181 825 253 960 342 
181 1085 304 1149 357 
181 460 545 688 692 
181 964 290 1043 352 
181 783 383 925 477 
181 1804 370 1903 457 
181 0 883 320 1071 
181 0 450 328 542 
181 738 233 795 274 
181 1765 827 1919 1011 
181 0 553 340 799 
181 343 481 609 628 
181 1087 127 1161 192 
181 1522 331 1571 382 
181 701 369 790 438 
181 1408 232 1485 273 
181 1590 337 1661 393 
181 1734 311 1800 371 
211 799 500 974 640 
211 1005 512 1155 656 
211 977 353 1109 467 
211 808 357 957 449 
211 524 508 742 641 
211 889 237 988 320 
211 1112 281 1171 328 
211 0 860 354 1068 
211 1016 260 1080 316 
211 0 570 182 701 
211 1780 830 1919 1049 
211 1803 371 1905 456 
211 839 239 900 294 
211 44 436 348 542 
211 425 272 786 460 
211 1378 224 1490 267 
211 690 222 753 260 
211 400 451 641 589 
211 1523 331 1575 384 
211 1735 318 1799 372 
211 1586 325 1658 379 
211 1652 286 1708 324 
241 853 461 1016 584 
241 887 327 997 408 
241 1060 439 1191 562 
241 1022 326 1128 431 
241 939 221 1028 291 
241 0 797 411 1078 
241 174 403 420 501 
241 654 454 831 568 
241 1 550 296 670 
241 844 221 905 273 
241 1146 255 1196 298 
241 517 250 837 398 
241 1061 233 1120 281 
241 515 409 705 532 
241 1796 370 1908 460 
241 308 502 571 636 
241 594 1028 883 1079 
241 1779 828 1916 1028 
241 1523 330 1576 382 
241 1090 119 1176 191 
241 1584 328 1657 381 
241 1734 320 1799 373 
241 402 217 467 258 
271 1095 398 1214 494 
271 905 415 1047 528 
271 793 713 1013 972 
271 772 394 900 483 
271 953 294 1032 360 
271 1058 301 1145 396 
271 0 697 199 884 
271 985 206 1058 270 
271 306 367 507 454 
271 618 234 874 386 
271 148 494 426 600 
271 160 700 528 920 
271 1794 368 1906 460 
271 478 422 687 544 
271 621 351 790 466 
271 1096 208 1149 251 
271 1171 234 1217 269 
271 403 217 465 257 
271 1772 829 1919 1017 
271 1523 330 1575 382 
271 898 288 952 337 
271 1813 249 1900 299 
271 1586 327 1657 382 
271 1737 318 1800 372 
301 951 563 1105 722 
301 1134 357 1245 448 
301 962 369 1085 464 
301 1094 271 1173 355 
301 876 335 977 408 
301 453 571 701 725 
301 616 382 780 471 
301 717 194 903 349 
301 430 332 606 408 
301 347 427 566 516 
301 654 254 735 322 
301 1801 372 1905 459 
301 1029 191 1093 246 
301 185 1004 525 1073 
301 1760 831 1919 990 
301 957 252 1015 298 
301 0 495 224 547 
301 1524 332 1571 381 
301 11 552 432 762 
301 149 496 207 551 
301 1129 190 1171 223 
301 1588 327 1656 379 
301 1734 315 1800 373 
301 1011 248 1077 315 
331 1034 467 1164 578 
331 1016 331 1125 407 
331 664 456 843 567 
331 378 757 739 1021 
331 1193 332 1316 412 
331 800 196 929 310 
331 962 289 1037 350 
331 1121 250 1196 321 
331 724 258 786 301 
331 520 369 681 442 
331 174 421 427 586 
331 1805 372 1900 460 
331 1766 827 1919 1039 
331 733 312 904 399 
331 1002 227 1065 271 
331 1070 177 1121 221 
331 336 448 623 597 
331 1521 327 1572 378 
331 353 230 399 266 
331 551 312 684 366 
331 1818 248 1899 289 
331 1153 171 1195 206 
331 1068 214 1123 265 
331 412 219 468 256 
361 0 948 145 1074 
361 1089 402 1194 491 
361 673 572 900 732 
361 1066 293 1149 361 
361 816 373 953 456 
361 388 374 605 481 
361 656 819 959 1079 
361 613 356 779 476 
361 1143 234 1203 291 
361 1033 248 1091 300 
361 1803 372 1900 462 
361 376 368 447 437 
361 1766 824 1919 1042 
361 730 233 786 275 
361 632 282 729 332 
361 897 256 980 323 
361 829 300 922 349 
361 1517 328 1584 379 
361 534 255 591 300 
361 1089 153 1143 200 
361 838 208 916 278 
361 1729 313 1799 377 
361 1776 611 1894 777 
391 837 468 1001 579 
391 853 651 1059 833 
391 1136 358 1235 434 
391 932 313 1028 376 
391 271 673 523 842 
391 552 331 723 420 
391 1103 265 1176 327 
391 748 300 892 394 
391 804 176 925 263 
391 501 325 583 397 
391 0 699 251 859 
391 1782 365 1901 458 
391 708 259 785 313 
391 1080 219 1132 267 
391 1767 828 1919 1022 
391 959 233 1029 282 
391 412 263 510 320 
391 1171 215 1221 268 
391 663 215 721 253 
391 1523 334 1576 387 
391 1782 630 1890 771 
391 1109 146 1162 195 
391 1731 315 1801 373 
421 595 500 761 611 
421 949 389 1067 478 
421 963 525 1120 650 
421 678 306 813 371 
421 256 530 555 656 
421 600 298 686 357 
421 1013 267 1086 320 
421 1136 244 1196 298 
421 274 290 405 346 
421 176 429 409 509 
421 855 273 965 336 
421 0 577 249 676 
421 1191 331 1304 401 
421 7 622 96 715 
421 1765 831 1919 1025 
421 1779 357 1901 460 
421 743 160 888 258 
421 819 263 878 318 
421 735 236 797 296 
421 1007 216 1056 254 
421 1525 331 1577 384 
421 977 228 1031 269 
421 1182 197 1234 247 
421 1782 630 1889 768 
421 1116 190 1167 241 
421 1584 334 1655 386 
451 1033 439 1160 539 
451 790 394 902 477 
451 1025 334 1120 406 
451 0 613 115 729 
451 536 420 729 517 
451 439 353 594 418 
451 89 322 264 391 
451 232 463 468 566 
451 687 272 758 323 
451 647 792 937 1079 
451 1766 830 1919 1046 
451 782 277 866 331 
451 1798 369 1899 462 
451 1157 221 1218 272 
451 949 240 1021 295 
451 1072 235 1126 280 
451 865 245 920 293 
451 1725 310 1799 378 
451 1305 315 1361 368 
451 1523 328 1573 381 
451 690 188 787 264 
481 875 606 1052 790 
481 1093 387 1211 463 
481 916 325 997 391 
481 711 350 853 423 
481 1080 288 1160 351 
481 457 386 630 466 
481 0 713 216 861 
481 830 249 909 305 
481 594 311 707 360 
481 95 495 417 621 
481 734 245 792 296 
481 0 848 301 1070 
481 649 201 724 252 
481 1007 216 1062 264 
481 1768 827 1919 1035 
481 1805 371 1899 460 
481 1182 205 1236 251 
481 1102 205 1156 248 
481 1522 328 1572 382 
481 1806 249 1876 291 
481 1726 311 1800 378 
481 405 218 467 257 
511 991 499 1130 623 
511 614 335 745 400 
511 302 541 495 659 
511 835 302 932 355 
511 439 542 714 701 
511 376 407 602 503 
511 1129 256 1194 311 
511 1007 275 1067 328 
511 0 580 235 710 
511 1170 350 1281 412 
511 845 229 918 280 
511 1779 359 1904 457 
511 1768 832 1919 1032 
511 0 462 54 588 
511 1050 203 1096 240 
511 712 274 774 321 
511 1810 249 1880 288 
511 1523 331 1574 383 
511 715 224 777 270 
511 601 202 668 240 
511 1111 173 1157 216 
511 1784 630 1887 766 
541 1067 407 1184 500 
541 764 387 923 487 
541 0 1013 78 1077 
541 1275 334 1341 385 
541 725 296 828 353 
541 1781 363 1903 459 
541 0 375 393 568 
541 931 260 1001 310 
541 0 650 60 738 
541 595 390 756 487 
541 567 352 718 418 
541 1065 245 1112 285 
541 1159 232 1215 278 
541 847 225 906 267 
541 212 465 474 572 
541 1770 832 1919 1025 
541 671 215 728 253 
541 750 247 801 285 
541 1809 250 1887 289 
541 1523 331 1573 384 
541 530 195 590 235 
541 1730 318 1800 374 
541 1585 328 1656 381 
571 1146 354 1261 432 
571 929 310 1021 379 
571 692 309 787 376 
571 775 330 881 396 
571 991 232 1055 273 
571 304 316 571 468 
571 455 381 644 470 
571 369 566 685 739 
571 1773 827 1919 1050 
571 1801 370 1899 463 
571 809 266 879 313 
571 1173 210 1228 254 
571 82 526 418 701 
571 1806 249 1888 289 
571 1100 216 1146 253 
571 401 209 481 254 
571 1521 329 1572 381 
571 796 204 848 247 
571 1725 315 1800 379 
571 720 222 777 264 
571 1782 627 1889 772 
601 758 387 919 486 
601 771 273 856 334 
601 345 424 556 519 
601 1270 321 1339 387 
601 550 419 719 516 
601 889 275 965 332 
601 1025 254 1091 313 
601 519 265 717 389 
601 1798 368 1899 466 
601 1765 829 1919 1039 
601 618 329 754 401 
601 1045 207 1096 245 
601 847 238 906 283 
601 1180 200 1236 241 
601 1811 249 1884 290 
601 400 217 464 258 
601 1723 310 1799 378 
601 1522 329 1588 379 
601 692 217 742 251 
601 1130 193 1169 232 
631 715 716 967 965 
631 521 367 684 441 
631 668 226 799 340 
631 930 307 1029 372 
631 833 238 902 300 
631 1084 224 1137 270 
631 752 313 880 403 
631 960 244 1021 286 
631 1802 367 1901 464 
631 0 649 269 811 
631 601 201 669 239 
631 1806 249 1894 290 
631 1753 832 1919 994 
631 1521 328 1570 380 
631 1782 625 1891 775 
631 1725 311 1795 373 
631 413 224 464 258 
661 947 526 1107 659 
661 459 453 673 550 
661 628 334 766 398 
661 743 203 823 296 
661 1772 826 1917 1053 
661 896 280 972 333 
661 815 268 884 319 
661 1033 248 1100 307 
661 1017 219 1064 257 
661 1813 247 1897 291 
661 1121 198 1168 239 
661 1808 373 1897 458 
661 863 230 912 270 
661 1521 325 1572 377 
661 1728 311 1799 378 
661 1776 608 1891 767 
661 413 224 464 255 
661 36 182 131 236 
691 1040 434 1170 545 
691 584 705 873 939 
691 706 356 841 426 
691 971 245 1031 290 
691 1769 825 1919 1047 
691 849 243 908 292 
691 715 191 803 268 
691 1804 371 1900 461 
691 1088 218 1142 264 
691 1813 249 1893 289 
691 1522 330 1573 381 
691 695 315 815 366 
691 407 213 471 256 
691 1781 628 1889 770 
691 1146 175 1193 219 
691 1729 320 1800 381 
721 818 558 1009 705 
721 1089 394 1203 482 
721 851 295 930 354 
721 743 289 843 343 
721 1025 220 1075 259 
721 1771 828 1919 1053 
721 1127 196 1177 234 
721 0 628 323 792 
721 1803 371 1904 462 
721 839 231 895 272 
721 1521 328 1571 379 
721 153 623 264 768 
721 654 199 754 247 
721 1730 313 1799 376 
721 1777 620 1889 770 
751 925 480 1078 601 
751 350 435 631 592 
751 1119 366 1218 450 
751 740 289 848 336 
751 936 254 1011 303 
751 1774 824 1919 1053 
751 1797 366 1901 461 
751 1061 202 1107 236 
751 1722 312 1794 378 
751 1520 324 1573 378 
751 1770 604 1895 774 
751 1815 248 1889 292 
751 799 219 845 254 
751 354 227 400 266 
751 407 215 471 255 
781 975 438 1114 548 
781 1129 355 1230 432 
781 659 329 835 439 
781 993 228 1051 271 
781 1771 826 1919 1044 
781 1794 367 1903 462 
781 765 288 843 334 
781 1519 324 1568 374 
781 410 206 474 249 
781 1812 249 1885 291 
781 1722 311 1794 378 
781 1772 613 1891 769 
781 712 209 762 240 
781 1578 336 1656 398 
811 1006 420 1136 523 
811 840 272 942 354 
811 1146 350 1243 425 
811 751 288 832 344 
811 1038 207 1090 245 
811 1770 816 1919 1058 
811 1787 363 1904 463 
811 483 978 803 1078 
811 1519 325 1568 376 
811 1718 307 1793 372 
811 1805 250 1877 292 
811 1400 224 1478 268 
811 1778 622 1891 768 
811 1096 147 1161 194 
811 1581 334 1656 394 
841 1023 410 1146 510 
841 926 242 1019 303 
841 1159 344 1252 417 
841 743 288 849 338 
841 755 670 967 873 
841 209 541 509 677 
841 1772 815 1919 1070 
841 1799 366 1900 463 
841 1522 327 1572 379 
841 1732 320 1798 382 
841 851 185 909 221 
841 1770 610 1887 761 
871 899 547 1071 696 
871 1039 393 1161 494 
871 582 399 749 487 
871 0 899 222 1069 
871 744 287 846 337 
871 1169 334 1265 410 
871 999 216 1061 270 
871 6 506 345 645 
871 0 702 228 832 
871 1767 819 1919 1055 
871 1089 157 1146 205 
871 1795 366 1900 459 
871 1723 311 1795 375 
871 1521 325 1572 376 
871 435 200 491 244 
871 1809 250 1877 290 
871 1737 258 1785 293 
871 1579 333 1654 391 
871 1779 623 1885 763 
871 257 196 314 246 
901 963 487 1107 608 
901 1051 385 1176 473 
901 768 315 888 389 
901 552 502 764 629 
901 1195 324 1320 394 
901 350 429 580 568 
901 1037 194 1094 239 
901 1772 822 1919 1063 
901 1785 365 1906 463 
901 1205 499 1286 576 
901 750 290 843 339 
901 1519 325 1569 376 
901 742 195 821 254 
901 1814 251 1877 291 
901 1771 616 1889 766 
901 413 216 487 260 
901 1405 227 1478 266 
901 354 230 398 267 
901 1580 337 1657 396 
931 467 364 639 461 
931 861 354 971 428 
931 671 367 813 440 
931 979 465 1114 581 
931 575 813 864 1079 
931 1080 372 1196 453 
931 904 271 974 324 
931 1266 317 1331 378 
931 740 286 846 336 
931 1763 825 1919 1044 
931 79 673 515 909 
931 1084 176 1128 219 
931 1786 364 1907 466 
931 1518 324 1567 375 
931 663 241 725 285 
931 350 226 398 265 
931 1776 251 1880 290 
931 1780 628 1887 771 
931 1577 337 1657 399 
931 408 215 471 259 
961 998 454 1126 564 
961 739 392 912 504 
961 753 688 959 873 
961 1113 353 1231 432 
961 526 339 686 432 
961 749 287 844 340 
961 830 299 920 353 
961 980 234 1042 280 
961 502 272 616 328 
961 1001 281 1072 328 
961 1091 157 1143 203 
961 635 231 695 277 
961 1762 822 1919 1043 
961 1203 499 1284 575 
961 1791 364 1907 465 
961 1013 164 1065 203 
961 1518 326 1567 376 
961 1789 252 1872 292 
961 1756 614 1891 764 
961 860 179 905 218 
961 1578 337 1655 397 
961 356 228 403 265 
961 494 1023 757 1079 
991 840 616 1013 773 
991 1032 426 1153 526 
991 565 329 716 416 
991 949 288 1057 363 
991 203 335 380 426 
991 746 288 845 339 
991 1159 338 1276 408 
991 173 649 583 865 
991 487 876 880 1079 
991 455 282 533 330 
991 1078 234 1135 276 
991 942 255 998 296 
991 1789 365 1903 463 
991 1767 825 1919 1031 
991 1109 142 1165 191 
991 1396 228 1481 270 
991 565 237 631 274 
991 1802 250 1874 292 
991 1723 309 1798 370 
991 1520 325 1573 377 
991 718 221 791 261 
991 1041 206 1093 249 
991 1776 621 1889 769 
1021 894 563 1056 703 
1021 763 385 917 487 
1021 1074 397 1196 485 
1021 556 810 906 1079 
1021 748 288 841 338 
1021 579 321 729 409 
1021 1066 241 1136 299 
1021 1258 324 1336 391 
1021 1783 366 1902 458 
1021 1003 229 1054 268 
1021 633 228 691 270 
1021 530 282 616 329 
1021 440 262 528 309 
1021 1772 832 1919 1026 
1021 74 384 207 434 
1021 1116 205 1167 244 
1021 442 888 551 1070 
1021 137 360 245 423 
1021 1399 233 1472 272 
1021 1527 333 1576 384 
1021 105 297 170 356 
1021 1733 319 1800 374 
1021 357 228 401 265 
1021 401 200 482 241 
1051 944 514 1086 633 
1051 1135 362 1249 444 
1051 656 737 921 1026 
1051 957 282 1052 347 
1051 588 323 733 409 
1051 742 288 846 338 
1051 101 383 311 464 
1051 1135 200 1192 254 
1051 278 284 416 352 
1051 1783 360 1908 466 
1051 112 913 596 1072 
1051 480 270 579 317 
1051 1764 833 1918 1023 
1051 130 295 198 349 
1051 1811 249 1897 290 
1051 1053 207 1096 243 
1051 662 213 719 247 
1051 1406 235 1473 273 
1051 1525 332 1576 384 
1051 1727 314 1800 373 
1081 999 460 1123 563 
1081 773 652 992 880 
1081 798 480 956 587 
1081 1227 343 1317 412 
1081 588 324 731 409 
1081 234 314 385 392 
1081 745 288 845 339 
1081 41 325 237 407 
1081 1060 227 1127 280 
1081 1764 831 1919 1043 
1081 1793 368 1903 463 
1081 832 184 875 215 
1081 1724 309 1800 379 
1081 1184 180 1233 223 
1081 1521 328 1574 381 
1081 977 167 1040 210 
1081 519 246 595 283 
1081 1781 615 1892 772 
1081 1740 261 1788 297 
1081 1798 252 1878 294 
1111 880 560 1056 724 
1111 1053 412 1174 494 
1111 590 322 727 407 
1111 745 289 843 338 
1111 1021 326 1105 388 
1111 361 275 481 327 
1111 1118 197 1170 241 
1111 1766 825 1919 1046 
1111 1399 231 1478 273 
1111 1789 373 1896 459 
1111 1517 333 1587 382 
1111 1722 310 1795 377 
1111 1793 253 1878 296 
1111 354 228 404 266 
1141 971 479 1117 604 
1141 1118 378 1222 446 
1141 594 324 733 407 
1141 580 496 838 739 
1141 743 289 844 339 
1141 635 227 721 268 
1141 1125 258 1182 301 
1141 1768 826 1919 1049 
1141 171 319 321 380 
1141 1148 169 1196 212 
1141 867 185 915 221 
1141 1803 371 1897 463 
1141 1399 232 1479 273 
1141 406 215 470 255 
1141 1718 308 1798 383 
1141 1518 333 1582 380 
1141 78 186 153 228 
1171 909 325 1067 436 
1171 1040 416 1163 521 
1171 588 323 731 410 
1171 747 288 846 340 
1171 459 262 570 323 
1171 1176 346 1257 412 
1171 8 362 158 431 
1171 1774 828 1919 1054 
1171 1782 363 1905 459 
1171 1400 231 1480 272 
1171 779 214 838 253 
1171 1175 219 1217 255 
1171 1214 502 1285 575 
1171 990 172 1053 213 
1171 1778 250 1880 292 
1171 1521 334 1587 383 
1171 356 227 402 266 
1171 1780 633 1888 772 
1171 1724 316 1803 378 
1201 1082 383 1193 471 
1201 1079 247 1164 316 
1201 130 335 318 416 
1201 590 324 736 409 
1201 1251 337 1316 397 
1201 744 289 844 339 
1201 632 244 724 297 
1201 1786 366 1903 462 
1201 1772 829 1919 1060 
1201 1401 231 1478 271 
1201 1518 332 1581 378 
1201 1722 316 1801 381 
1201 353 228 398 266 
1231 1117 354 1230 432 
1231 592 323 727 407 
1231 359 308 511 386 
1231 742 289 844 337 
1231 0 537 293 682 
1231 1145 206 1209 256 
1231 1766 820 1919 1059 
1231 1791 367 1901 466 
1231 647 221 726 261 
1231 1203 498 1279 576 
1231 1519 320 1568 374 
1231 1776 610 1894 771 
1231 1723 318 1796 380 
1231 1402 229 1479 269 
1231 1805 251 1876 289 
1231 974 171 1058 212 
1261 585 321 729 409 
1261 742 289 845 338 
1261 170 474 432 591 
1261 6 458 56 528 
1261 1162 331 1284 406 
1261 1767 824 1919 1059 
1261 279 952 687 1073 
1261 1794 367 1898 464 
1261 1189 176 1240 221 
1261 490 259 601 309 
1261 876 183 929 217 
1261 1520 322 1569 375 
1261 727 214 782 248 
1261 1713 315 1792 372 
1261 1777 615 1893 768 
1261 405 215 467 253 
1261 1373 230 1479 268 
1261 1803 251 1880 290 
1291 731 618 944 782 
1291 591 323 728 407 
1291 1253 318 1334 389 
1291 267 441 480 553 
1291 742 288 841 338 
1291 1791 367 1900 464 
1291 738 221 807 263 
1291 12 115 95 191 
1291 196 342 303 399 
1291 609 239 678 281 
1291 1755 819 1919 1035 
1291 981 169 1048 212 
1291 1517 331 1586 381 
1291 1779 613 1892 771 
1291 1092 134 1155 184 
1291 1781 251 1883 295 
1291 1378 232 1478 269 
1291 400 217 467 256 
1291 830 181 870 216 
1321 935 480 1075 584 
1321 315 430 520 533 
1321 742 290 840 341 
1321 444 278 605 356 
1321 588 321 730 408 
1321 404 943 788 1079 
1321 1765 829 1919 1046 
1321 1803 368 1900 463 
1321 1522 327 1572 379 
1321 1723 312 1798 377 
1321 740 208 790 244 
1321 977 172 1053 212 
1321 1785 251 1885 294 
1321 431 295 482 336 
1321 1781 626 1889 771 
1351 1024 417 1140 499 
1351 773 634 975 791 
1351 324 427 534 528 
1351 737 291 835 344 
1351 590 321 729 410 
1351 122 703 482 899 
1351 81 359 266 432 
1351 1766 827 1919 1059 
1351 15 430 106 526 
1351 607 237 673 281 
1351 1795 372 1902 466 
1351 1793 250 1879 292 
1351 1709 316 1795 372 
1351 1522 324 1576 382 
1351 990 162 1064 205 
1351 1846 298 1916 364 
1381 556 496 763 613 
1381 927 500 1071 612 
1381 1081 381 1198 454 
1381 588 323 724 409 
1381 329 422 541 523 
1381 736 291 834 343 
1381 388 280 500 340 
1381 1763 819 1919 1044 
1381 1786 372 1894 458 
1381 990 166 1065 207 
1381 1517 324 1568 376 
1381 1712 313 1795 372 
1381 1202 499 1274 576 
1381 1268 596 1333 687 
1381 1793 252 1896 294 
1411 341 420 545 520 
1411 1148 352 1249 418 
1411 744 404 899 493 
1411 0 363 196 452 
1411 1006 432 1122 526 
1411 739 290 834 345 
1411 588 323 728 410 
1411 1792 365 1901 464 
1411 1769 829 1916 1054 
1411 996 172 1050 212 
1411 1519 324 1574 381 
1411 1779 613 1894 776 
1411 1209 504 1279 573 
1411 1029 161 1074 199 
1411 1714 313 1796 371 
1441 1057 393 1172 468 
1441 1251 333 1320 394 
1441 842 359 959 434 
1441 344 417 554 516 
1441 588 320 725 406 
1441 739 290 834 345 
1441 1766 830 1919 1052 
1441 1784 365 1900 458 
1441 765 200 848 256 
1441 973 187 1028 226 
1441 1724 311 1800 379 
1441 1519 329 1586 378 
1441 1803 246 1899 291 
1441 1034 155 1079 190 
1441 1366 224 1476 265 
1441 1779 620 1891 774 
1471 344 420 545 518 
1471 896 331 1001 399 
1471 592 322 729 408 
1471 1111 358 1223 429 
1471 735 290 832 346 
1471 1014 199 1068 241 
1471 0 793 38 906 
1471 1762 822 1919 1061 
1471 630 223 775 289 
1471 1204 500 1280 575 
1471 1784 372 1895 461 
1471 1519 321 1569 376 
1471 920 198 964 228 
1471 1410 234 1474 273 
1471 1722 316 1796 381 
1471 1777 609 1896 776 
1471 802 150 858 216 
1471 401 217 464 255 
1471 357 230 402 265 
1501 917 316 1021 374 
1501 342 418 545 518 
1501 736 292 834 345 
1501 1081 213 1155 260 
1501 583 322 731 408 
1501 226 542 520 662 
1501 423 254 633 355 
1501 681 220 736 258 
1501 1764 821 1919 1055 
1501 1182 338 1265 400 
1501 926 197 973 239 
1501 566 234 655 310 
1501 1519 321 1569 376 
1501 1796 368 1902 466 
1501 1710 315 1794 372 
1501 1249 342 1306 395 
1501 1800 249 1874 290 
1501 1778 622 1896 777 
1531 930 311 1026 369 
1531 340 419 544 517 
1531 736 291 834 346 
1531 585 321 726 409 
1531 1254 338 1335 406 
1531 534 417 712 521 
1531 1784 366 1899 462 
1531 984 223 1040 263 
1531 439 277 518 336 
1531 1765 837 1919 1050 
1531 315 290 482 400 
1531 1274 247 1325 290 
1531 1248 782 1320 893 
1531 1374 224 1480 266 
1531 22 369 270 487 
1531 1781 624 1896 782 
1531 1521 320 1572 374 
1531 1782 251 1880 294 
1531 1720 310 1799 380 
1561 936 308 1027 369 
1561 344 420 548 519 
1561 673 360 817 443 
1561 0 761 468 998 
1561 592 317 729 415 
1561 733 291 836 340 
1561 1236 836 1305 943 
1561 5 385 103 489 
1561 1090 244 1177 286 
1561 1767 831 1919 1041 
1561 957 216 1017 257 
1561 1709 317 1795 373 
1561 797 216 843 252 
1561 1023 156 1076 198 
1561 1521 320 1574 375 
1561 1799 370 1901 465 
1561 1797 252 1906 297 
1561 404 220 465 257 
1591 489 535 722 673 
1591 933 309 1026 368 
1591 343 420 546 518 
1591 743 330 864 401 
1591 583 326 717 411 
1591 1050 231 1125 275 
1591 1763 825 1919 1058 
1591 201 965 520 1076 
1591 1279 267 1358 310 
1591 1784 369 1902 463 
1591 1705 313 1794 379 
1591 647 248 719 293 
1591 938 201 982 242 
1591 1520 323 1568 374 
1591 999 167 1055 209 
1591 1772 621 1890 770 
1591 1227 901 1290 1032 
1591 402 220 467 256 
1591 738 296 834 342 
1621 937 310 1026 369 
1621 626 599 852 758 
1621 345 421 550 518 
1621 681 440 848 542 
1621 777 313 889 379 
1621 583 324 723 409 
1621 1206 991 1283 1077 
1621 0 981 92 1079 
1621 1764 825 1919 1056 
1621 974 215 1036 262 
1621 746 289 818 345 
1621 1271 254 1331 317 
1621 392 318 524 372 
1621 1373 232 1470 270 
1621 1522 318 1572 371 
1621 1782 373 1898 460 
1621 1708 317 1792 375 
1621 1776 620 1891 769 
1621 1851 295 1915 366 
1621 1082 135 1145 188 
1651 937 310 1026 367 
1651 343 421 546 518 
1651 586 323 722 410 
1651 126 701 512 882 
1651 774 387 911 479 
1651 845 452 998 550 
1651 8 431 123 513 
1651 812 309 903 364 
1651 740 289 826 348 
1651 1763 821 1919 1068 
1651 941 216 992 254 
1651 1078 241 1154 286 
1651 1705 316 1795 373 
1651 1793 367 1902 466 
1651 1520 318 1571 373 
1651 1037 198 1091 244 
1651 1409 235 1473 273 
1651 398 213 467 256 
1651 1777 621 1896 777 
1651 1017 184 1065 229 
1651 1051 224 1119 268 
1681 957 385 1071 463 
1681 341 419 545 516 
1681 588 322 728 410 
1681 818 359 939 448 
1681 0 488 244 604 
1681 460 553 693 685 
1681 936 305 1027 364 
1681 1765 830 1919 1055 
1681 739 290 836 348 
1681 1110 214 1218 266 
1681 1004 230 1072 274 
1681 811 302 907 357 
1681 939 183 988 218 
1681 1709 318 1794 375 
1681 1519 320 1571 375 
1681 1784 373 1897 462 
1681 408 219 465 257 
1681 1265 279 1318 332 
1681 1774 620 1896 776 
1711 305 388 549 515 
1711 1008 348 1100 416 
1711 597 483 782 586 
1711 836 351 956 436 
1711 587 323 726 409 
1711 940 305 1027 366 
1711 737 291 834 347 
1711 1767 824 1919 1056 
1711 1142 257 1227 305 
1711 1785 368 1904 464 
1711 735 611 1010 921 
1711 1522 320 1571 373 
1711 824 300 912 350 
1711 926 193 975 234 
1711 1774 621 1890 768 
1711 1283 241 1385 293 
1711 1711 316 1790 371 
1711 1418 236 1479 272 
1711 996 182 1047 218 
1711 1768 249 1876 291 
1711 1851 298 1913 370 
1741 956 464 1132 629 
1741 669 450 834 542 
1741 346 415 554 515 
1741 1037 326 1119 390 
1741 839 352 961 436 
1741 535 318 729 406 
1741 945 306 1028 368 
1741 737 289 832 348 
1741 943 200 1012 250 
1741 1012 178 1072 228 
1741 1779 369 1897 462 
1741 1781 618 1891 783 
1741 1765 824 1919 1054 
1741 496 327 617 395 
1741 1521 320 1568 373 
1741 825 301 915 349 
1741 718 230 781 270 
1741 1720 314 1795 379 
1741 1783 250 1880 293 
1741 406 218 470 256 
1771 1047 389 1189 507 
1771 346 419 549 516 
1771 695 433 853 523 
1771 583 312 723 410 
1771 940 304 1030 370 
1771 1052 319 1123 377 
1771 1011 218 1110 268 
1771 841 352 960 435 
1771 734 290 835 347 
1771 412 319 503 369 
1771 1764 831 1919 1043 
1771 1712 315 1793 374 
1771 721 161 783 207 
1771 825 299 912 350 
1771 1520 320 1571 374 
1771 1405 233 1470 271 
1771 917 203 964 239 
1771 1798 372 1899 464 
1771 492 307 540 351 
1771 1768 628 1902 797 
1771 1782 250 1895 292 
1771 1181 189 1223 225 
